1.000000000000000000e+00 -2.171937972307205200e-01 -1.783448606729507446e-01 1.575889438390731812e-01 7.617452647536993027e-03 -2.714232802391052246e-01 -4.298326075077056885e-01 1.064763665199279785e-01 2.733565866947174072e-03 2.532106041908264160e-01 1.343268156051635742e-01 -9.925336390733718872e-02 -1.658002734184265137e-01 -2.752186954021453857e-01 1.528578847646713257e-01 -2.401254326105117798e-01 -1.066682860255241394e-01 -1.121155247092247009e-01 -3.168731629848480225e-01 -1.256678253412246704e-01 -1.232919320464134216e-01 -6.838493794202804565e-02 -3.498799502849578857e-01 4.201621115207672119e-01 -3.717677295207977295e-01 5.772253870964050293e-02 2.388093173503875732e-01 -1.776996552944183350e-01 1.325829327106475830e-01 2.220575213432312012e-01 3.668786957859992981e-02 1.441004872322082520e-01 1.922333836555480957e-01 -1.601835489273071289e-01 4.864988476037979126e-02 5.302400141954421997e-02 3.948107361793518066e-02 -1.036823317408561707e-01 -1.663351058959960938e-02 5.240204930305480957e-02 1.625173091888427734e-01 2.186484821140766144e-02 -1.308367699384689331e-01 -1.131819635629653931e-01 -9.419915825128555298e-02 -2.606686949729919434e-01 8.370216935873031616e-02 1.491187363862991333e-01 -9.111952781677246094e-02 -8.426437526941299438e-02
-2.171937972307205200e-01 1.000000000000000000e+00 -1.552465856075286865e-01 -3.194133639335632324e-01 -2.154572755098342896e-01 1.680061668157577515e-01 2.967181801795959473e-01 1.936742216348648071e-01 -1.834718510508537292e-02 -1.852574795484542847e-01 -3.404670059680938721e-01 1.880617290735244751e-01 4.853691905736923218e-02 -3.848825767636299133e-02 -4.337739050388336182e-01 3.303280845284461975e-02 1.278328150510787964e-01 -2.482703886926174164e-02 -9.066785871982574463e-02 2.603616192936897278e-02 7.518514245748519897e-02 1.298935860395431519e-01 2.558542788028717041e-01 1.161019876599311829e-01 2.086303830146789551e-01 -2.416843473911285400e-01 1.122984290122985840e-01 2.394602298736572266e-01 -3.303974494338035583e-02 -2.324776053428649902e-01 2.352812588214874268e-01 -4.004607908427715302e-03 -3.711953759193420410e-01 -1.530100405216217041e-01 6.479148566722869873e-02 9.505019336938858032e-02 -1.771586537361145020e-01 2.923225462436676025e-01 1.553048100322484970e-02 -2.432879656553268433e-01 -8.707909286022186279e-02 1.597756594419479370e-01 -1.640107184648513794e-01 1.346454620361328125e-01 -8.979672193527221680e-02 2.182485312223434448e-01 2.901260368525981903e-02 1.713949292898178101e-01 1.896263062953948975e-01 3.781440854072570801e-01
-1.783448606729507446e-01 -1.552465856075286865e-01 1.000000000000000000e+00 -8.676962554454803467e-02 -1.657247990369796753e-01 3.766442835330963135e-01 1.440931856632232666e-01 -7.531107217073440552e-02 1.938418596982955933e-01 -7.285317871719598770e-03 -3.826168924570083618e-02 -7.819274067878723145e-02 2.701701223850250244e-01 3.606566414237022400e-02 -1.513651311397552490e-01 -4.787586629390716553e-02 -1.662405766546726227e-02 -2.439363896846771240e-01 2.863345742225646973e-01 -1.549618989229202271e-01 2.156710177659988403e-01 6.840553600341081619e-03 -2.496764957904815674e-01 7.417995482683181763e-02 1.651779562234878540e-01 2.209196686744689941e-01 -1.995522379875183105e-01 3.158745169639587402e-02 -1.306253820657730103e-01 -1.172103509306907654e-01 1.083908230066299438e-01 7.974684983491897583e-02 -3.407903760671615601e-02 8.343348652124404907e-02 2.752885818481445312e-01 -9.783239662647247314e-02 6.730588525533676147e-02 -1.330343037843704224e-01 1.936195045709609985e-01 2.723662853240966797e-01 -2.736149728298187256e-02 -2.091688364744186401e-01 5.900580063462257385e-02 -5.030320882797241211e-01 -8.440561592578887939e-02 1.309226304292678833e-01 -5.265995860099792480e-02 7.473927736282348633e-02 -2.323999404907226562e-01 3.508785367012023926e-01
1.575889438390731812e-01 -3.194133639335632324e-01 -8.676962554454803467e-02 1.000000000000000000e+00 1.322846710681915283e-01 5.898893624544143677e-02 -3.719345927238464355e-01 5.384124442934989929e-02 -2.301319837570190430e-01 5.344524234533309937e-02 1.586359441280364990e-01 -1.193639785051345825e-01 3.089545667171478271e-02 -8.556010574102401733e-02 3.145973756909370422e-02 -1.561459153890609741e-01 -2.856796979904174805e-01 4.765908047556877136e-02 -1.427761614322662354e-01 -5.043856427073478699e-02 -3.226820230484008789e-01 -1.026198640465736389e-01 -1.892342865467071533e-01 -5.455778446048498154e-03 6.329043954610824585e-02 1.522831022739410400e-01 1.043009757995605469e-01 5.594320595264434814e-03 2.089657038450241089e-01 2.236082404851913452e-01 9.230035543441772461e-02 -1.672278195619583130e-01 2.127779424190521240e-01 1.819592863321304321e-01 4.109916836023330688e-02 -1.695364117622375488e-01 2.061044611036777496e-02 -1.726948916912078857e-01 -2.585483789443969727e-01 -1.252872794866561890e-01 1.140245199203491211e-01 -7.964056730270385742e-02 -6.331072747707366943e-02 -5.776401609182357788e-03 -6.700024753808975220e-02 -2.726658880710601807e-01 1.093311756849288940e-01 -2.711675874888896942e-02 2.529383897781372070e-01 -3.158375620841979980e-01
7.617452647536993027e-03 -2.154572755098342896e-01 -1.657247990369796753e-01 1.322846710681915283e-01 1.000000000000000000e+00 -4.749830067157745361e-02 -3.096123635768890381e-01 2.018207907676696777e-01 -2.096916586160659790e-01 -3.783458471298217773e-02 7.870814204216003418e-02 -1.663191914558410645e-01 -3.226471841335296631e-01 -2.159558702260255814e-03 5.407597497105598450e-02 1.193131580948829651e-01 -1.239399313926696777e-01 -2.317570447921752930e-01 -3.787060678005218506e-01 -4.232000410556793213e-01 -2.384757101535797119e-01 1.920338273048400879e-01 1.583367586135864258e-01 -2.519269287586212158e-01 -4.987877905368804932e-01 2.050715833902359009e-01 1.668920964002609253e-01 1.089945882558822632e-01 1.985521465539932251e-01 5.828220024704933167e-02 2.390538007020950317e-01 -1.040717288851737976e-01 6.671513617038726807e-02 -2.471769154071807861e-01 -3.883484378457069397e-02 -2.226756364107131958e-01 1.848426163196563721e-01 7.600338011980056763e-02 -1.824902892112731934e-01 -2.660237252712249756e-01 2.046064287424087524e-01 -7.122753560543060303e-02 2.625921666622161865e-01 2.736870944499969482e-01 1.372495144605636597e-01 -3.340681493282318115e-01 -1.033828780055046082e-01 5.810480099171400070e-03 2.654524520039558411e-02 -4.202299416065216064e-01
-2.714232802391052246e-01 1.680061668157577515e-01 3.766442835330963135e-01 5.898893624544143677e-02 -4.749830067157745361e-02 1.000000000000000000e+00 1.427464634180068970e-01 1.649892628192901611e-01 2.191219478845596313e-01 -3.371143341064453125e-01 -2.365531176328659058e-01 1.002745982259511948e-02 1.592388749122619629e-01 3.015931248664855957e-01 -1.608495116233825684e-01 -5.737731116823852062e-04 9.686765819787979126e-02 4.047263786196708679e-02 1.857297867536544800e-01 1.673199795186519623e-02 1.355401873588562012e-01 7.346565369516611099e-03 2.273083478212356567e-01 2.835270464420318604e-01 1.833371073007583618e-01 -7.789161056280136108e-02 -2.354225814342498779e-01 5.283065512776374817e-02 -1.110734269022941589e-01 -3.061257600784301758e-01 2.199677675962448120e-01 -2.791245579719543457e-01 4.633028805255889893e-02 1.274314522743225098e-01 -1.114563494920730591e-01 -2.058300971984863281e-01 8.190415799617767334e-02 6.880999356508255005e-02 8.047062903642654419e-02 -5.214452371001243591e-02 -2.846788167953491211e-01 1.774878948926925659e-01 2.181062288582324982e-02 8.094262331724166870e-03 -1.786800920963287354e-01 1.697736680507659912e-01 -3.173582628369331360e-02 1.696286350488662720e-02 3.379450365900993347e-02 4.035900235176086426e-01
-4.298326075077056885e-01 2.967181801795959473e-01 1.440931856632232666e-01 -3.719345927238464355e-01 -3.096123635768890381e-01 1.427464634180068970e-01 1.000000000000000000e+00 -2.202954590320587158e-01 2.669908106327056885e-01 -3.899228572845458984e-01 -2.419836074113845825e-01 2.008156776428222656e-01 3.098703324794769287e-01 1.163806244730949402e-01 -8.559104800224304199e-02 6.859842687845230103e-02 1.901965886354446411e-01 -3.225626796483993530e-02 7.082162052392959595e-02 1.341033875942230225e-01 2.285237461328506470e-01 1.536016464233398438e-01 2.690873742103576660e-01 1.489551365375518799e-01 1.274751722812652588e-01 -6.421187520027160645e-02 -1.922949850559234619e-01 1.006829440593719482e-01 -8.109604939818382263e-03 -2.702191770076751709e-01 -1.478720158338546753e-01 3.855101168155670166e-01 -2.198745310306549072e-01 3.831941261887550354e-02 -2.498362064361572266e-01 -1.095693260431289673e-01 -1.201062574982643127e-01 1.369481831789016724e-01 1.084882020950317383e-02 9.573666751384735107e-02 -3.960170447826385498e-01 -3.205985575914382935e-02 8.668421953916549683e-02 2.539677619934082031e-01 -1.075791493058204651e-01 2.073619365692138672e-01 1.694887429475784302e-01 1.079495251178741455e-01 1.869620382785797119e-01 2.918943166732788086e-01
1.064763665199279785e-01 1.936742216348648071e-01 -7.531107217073440552e-02 5.384124442934989929e-02 2.018207907676696777e-01 1.649892628192901611e-01 -2.202954590320587158e-01 1.000000000000000000e+00 -3.064240515232086182e-01 2.492143213748931885e-02 1.137346848845481873e-01 6.942335050553083420e-03 -1.094905734062194824e-01 2.027538418769836426e-01 -1.958368271589279175e-01 -5.115637183189392090e-02 -1.116534322500228882e-01 -6.367823481559753418e-02 -5.089768767356872559e-02 2.256814949214458466e-02 6.754112243652343750e-02 1.991196349263191223e-02 -1.240628436207771301e-01 -6.557295471429824829e-02 -4.296181350946426392e-02 1.156025081872940063e-01 7.260231301188468933e-03 -7.865090854465961456e-03 -1.667020469903945923e-01 6.596472114324569702e-03 6.770217418670654297e-02 1.612418703734874725e-02 -1.715186387300491333e-01 -2.885074727237224579e-02 7.863295078277587891e-02 2.792147733271121979e-02 2.890359610319137573e-02 3.686227798461914062e-01 -1.297708749771118164e-01 5.714889615774154663e-02 -1.907737925648689270e-02 -1.540124695748090744e-02 1.147487983107566833e-01 -1.231826692819595337e-01 -1.339636147022247314e-01 -3.826265037059783936e-02 -1.668725162744522095e-01 -1.504988316446542740e-02 8.426192402839660645e-02 3.800587356090545654e-02
2.733565866947174072e-03 -1.834718510508537292e-02 1.938418596982955933e-01 -2.301319837570190430e-01 -2.096916586160659790e-01 2.191219478845596313e-01 2.669908106327056885e-01 -3.064240515232086182e-01 1.000000000000000000e+00 -9.737980365753173828e-02 1.491468958556652069e-02 3.879189863801002502e-02 3.218907490372657776e-02 -9.894482791423797607e-02 3.433882892131805420e-01 2.212510108947753906e-01 7.605072110891342163e-02 1.418630331754684448e-01 9.093412756919860840e-02 2.484040856361389160e-01 7.892999798059463501e-02 9.411912411451339722e-02 9.022455662488937378e-02 2.848011553287506104e-01 -2.060321271419525146e-01 -3.621352016925811768e-01 8.223605901002883911e-02 -2.046980522572994232e-02 9.709942340850830078e-02 -2.052503526210784912e-01 -4.013035893440246582e-01 -1.468470096588134766e-01 -1.005456894636154175e-01 -6.705185864120721817e-03 -1.896232813596725464e-01 -6.780680269002914429e-02 -2.708389163017272949e-01 -1.779605895280838013e-01 2.679359912872314453e-01 -8.626773953437805176e-02 -4.276454150676727295e-01 1.183705925941467285e-01 3.912943005561828613e-01 -1.389737576246261597e-01 8.444963395595550537e-02 1.665051281452178955e-01 -1.718440055847167969e-01 -2.492680549621582031e-01 2.031432539224624634e-01 2.437474131584167480e-01
2.532106041908264160e-01 -1.852574795484542847e-01 -7.285317871719598770e-03 5.344524234533309937e-02 -3.783458471298217773e-02 -3.371143341064453125e-01 -3.899228572845458984e-01 2.492143213748931885e-02 -9.737980365753173828e-02 1.000000000000000000e+00 1.387002766132354736e-01 -1.600095480680465698e-01 -1.447887718677520752e-01 -3.746659308671951294e-02 5.402952060103416443e-02 -1.912759393453598022e-01 -4.385519772768020630e-02 7.947704195976257324e-02 -2.508400380611419678e-01 3.790616095066070557e-01 -1.016087010502815247e-01 -2.057093977928161621e-01 -1.881906986236572266e-01 -2.625564932823181152e-01 -1.744563132524490356e-01 -2.274250984191894531e-02 -2.472523227334022522e-02 5.856781452894210815e-02 -5.264498665928840637e-02 1.819076836109161377e-01 -1.579805314540863037e-01 1.163798272609710693e-01 -4.330995943746529520e-05 -2.849370613694190979e-02 1.605086922645568848e-01 3.505566418170928955e-01 5.634348466992378235e-02 -2.847478091716766357e-01 1.497536152601242065e-01 2.125388830900192261e-01 1.776632666587829590e-02 -1.600762456655502319e-01 -2.063741832971572876e-01 -2.063069045543670654e-01 -1.003553420305252075e-01 -2.603192329406738281e-01 -6.114014610648155212e-02 -2.735174894332885742e-01 -1.341511756181716919e-01 -1.125244051218032837e-01
1.343268156051635742e-01 -3.404670059680938721e-01 -3.826168924570083618e-02 1.586359441280364990e-01 7.870814204216003418e-02 -2.365531176328659058e-01 -2.419836074113845825e-01 1.137346848845481873e-01 1.491468958556652069e-02 1.387002766132354736e-01 1.000000000000000000e+00 -8.447393774986267090e-02 -1.964355073869228363e-02 -1.834847778081893921e-01 8.084236085414886475e-02 -7.618334144353866577e-02 -4.216805100440979004e-01 3.142987564206123352e-02 2.689526975154876709e-01 6.543695926666259766e-02 -1.205935478210449219e-01 -2.705660164356231689e-01 -1.102363690733909607e-01 7.345779985189437866e-02 -4.328879714012145996e-02 6.387630850076675415e-02 -8.548808842897415161e-02 -6.221709027886390686e-02 -1.575856506824493408e-01 -1.382455974817276001e-01 -1.424697041511535645e-01 -1.858167648315429688e-01 -8.499497175216674805e-02 -4.048688411712646484e-01 -6.335141137242317200e-03 5.953097343444824219e-02 -9.649927169084548950e-02 -1.006356850266456604e-01 -1.269415020942687988e-01 1.121610403060913086e-01 4.244215413928031921e-02 -6.147947534918785095e-02 1.978167742490768433e-01 -1.098831519484519958e-01 2.232757210731506348e-01 -1.119873598217964172e-01 -1.754537075757980347e-01 -1.126057431101799011e-01 1.860579550266265869e-01 -2.709816396236419678e-01
-9.925336390733718872e-02 1.880617290735244751e-01 -7.819274067878723145e-02 -1.193639785051345825e-01 -1.663191914558410645e-01 1.002745982259511948e-02 2.008156776428222656e-01 6.942335050553083420e-03 3.879189863801002502e-02 -1.600095480680465698e-01 -8.447393774986267090e-02 1.000000000000000000e+00 -4.475093260407447815e-02 3.357228636741638184e-01 -4.924405515193939209e-01 2.933959960937500000e-01 4.526934921741485596e-01 -5.248980131000280380e-03 1.709715574979782104e-01 2.688495516777038574e-01 9.048303216695785522e-02 2.831930518150329590e-01 2.050892412662506104e-01 2.603398263454437256e-01 2.586394846439361572e-01 1.201608702540397644e-01 -3.756246268749237061e-01 -1.377802640199661255e-01 -2.902461588382720947e-01 -3.841685950756072998e-01 -2.926836013793945312e-01 -1.120938435196876526e-01 -1.830720901489257812e-01 -8.839634060859680176e-02 -2.404975593090057373e-01 -1.306354906409978867e-02 -9.908793866634368896e-02 1.527562439441680908e-01 3.960591852664947510e-01 3.197273612022399902e-01 5.053973570466041565e-02 1.736175864934921265e-01 1.242111176252365112e-01 -1.148365512490272522e-01 2.492847107350826263e-02 1.299066245555877686e-01 -7.352295517921447754e-02 -4.134237021207809448e-02 2.857016026973724365e-01 2.603621184825897217e-01
-1.658002734184265137e-01 4.853691905736923218e-02 2.701701223850250244e-01 3.089545667171478271e-02 -3.226471841335296631e-01 1.592388749122619629e-01 3.098703324794769287e-01 -1.094905734062194824e-01 3.218907490372657776e-02 -1.447887718677520752e-01 -1.964355073869228363e-02 -4.475093260407447815e-02 1.000000000000000000e+00 8.453116565942764282e-02 -2.575463652610778809e-01 -2.404975891113281250e-01 -2.164251506328582764e-01 4.032097011804580688e-02 1.492333561182022095e-01 -4.809651151299476624e-02 9.428249299526214600e-02 7.460267096757888794e-02 1.917907595634460449e-01 1.335398405790328979e-01 9.516116976737976074e-02 3.435492813587188721e-01 3.322139754891395569e-02 -1.280506253242492676e-01 -6.548960506916046143e-02 -4.327592626214027405e-02 1.132472604513168335e-01 -8.791334927082061768e-02 -1.240303888916969299e-01 2.613742649555206299e-01 -7.823824882507324219e-02 -3.338080048561096191e-01 1.264455020427703857e-01 2.820061445236206055e-01 -1.886451989412307739e-01 -1.118680238723754883e-01 -3.100911080837249756e-01 -2.511325776576995850e-01 -1.080910712480545044e-01 -1.223223581910133362e-01 -7.050595432519912720e-02 1.173046603798866272e-01 1.316856499761343002e-02 3.528961241245269775e-01 6.269789487123489380e-02 4.457209706306457520e-01
-2.752186954021453857e-01 -3.848825767636299133e-02 3.606566414237022400e-02 -8.556010574102401733e-02 -2.159558702260255814e-03 3.015931248664855957e-01 1.163806244730949402e-01 2.027538418769836426e-01 -9.894482791423797607e-02 -3.746659308671951294e-02 -1.834847778081893921e-01 3.357228636741638184e-01 8.453116565942764282e-02 1.000000000000000000e+00 -2.570365965366363525e-01 -7.975939661264419556e-02 5.518028736114501953e-01 -1.879613548517227173e-01 6.872788816690444946e-02 2.153828442096710205e-01 -1.263432502746582031e-01 1.913961470127105713e-01 2.564202807843685150e-02 4.087461158633232117e-02 1.701907217502593994e-01 2.039593160152435303e-01 -1.202461570501327515e-01 1.106594055891036987e-01 -2.630227208137512207e-01 -2.620305418968200684e-01 1.049858257174491882e-01 -1.283511333167552948e-02 -1.836558133363723755e-01 1.358632594347000122e-01 -1.518449466675519943e-02 -1.270382702350616455e-01 1.893295049667358398e-01 4.314728677272796631e-01 2.023814171552658081e-01 2.738348841667175293e-01 -7.210281491279602051e-02 1.431916840374469757e-02 -6.182436272501945496e-02 -5.152434110641479492e-02 -1.124476492404937744e-01 -8.758021146059036255e-02 2.864047512412071228e-02 -9.708478301763534546e-02 -2.081234902143478394e-01 2.945928275585174561e-01
1.528578847646713257e-01 -4.337739050388336182e-01 -1.513651311397552490e-01 3.145973756909370422e-02 5.407597497105598450e-02 -1.608495116233825684e-01 -8.559104800224304199e-02 -1.958368271589279175e-01 3.433882892131805420e-01 5.402952060103416443e-02 8.084236085414886475e-02 -4.924405515193939209e-01 -2.575463652610778809e-01 -2.570365965366363525e-01 1.000000000000000000e+00 7.376179844141006470e-02 -9.893168509006500244e-02 2.247556298971176147e-01 -1.531149148941040039e-01 8.317516744136810303e-02 -5.806774646043777466e-02 -1.471267640590667725e-01 -1.056739017367362976e-01 -2.686800621449947357e-02 -3.321443200111389160e-01 -3.640345633029937744e-01 1.737828925251960754e-02 -2.259589433670043945e-01 2.834798097610473633e-01 2.682716548442840576e-01 -2.210783064365386963e-01 -1.173061281442642212e-01 8.769161999225616455e-02 3.641130030155181885e-01 -1.207721512764692307e-02 1.781873553991317749e-01 -1.802966296672821045e-01 -2.496602237224578857e-01 -6.301733106374740601e-02 3.656087815761566162e-02 -2.757743000984191895e-01 -7.046362757682800293e-02 1.982719153165817261e-01 3.420087993144989014e-01 -5.149079114198684692e-02 3.355505689978599548e-02 1.385956108570098877e-01 -1.591669619083404541e-01 1.340090781450271606e-01 -4.865460097789764404e-01
-2.401254326105117798e-01 3.303280845284461975e-02 -4.787586629390716553e-02 -1.561459153890609741e-01 1.193131580948829651e-01 -5.737731116823852062e-04 6.859842687845230103e-02 -5.115637183189392090e-02 2.212510108947753906e-01 -1.912759393453598022e-01 -7.618334144353866577e-02 2.933959960937500000e-01 -2.404975891113281250e-01 -7.975939661264419556e-02 7.376179844141006470e-02 1.000000000000000000e+00 2.850503623485565186e-01 3.487901985645294189e-01 -1.410665810108184814e-01 9.195446968078613281e-02 1.788700968027114868e-01 2.649892270565032959e-01 3.877714276313781738e-01 -1.476497948169708252e-01 4.386312887072563171e-02 -4.166149199008941650e-01 4.649887979030609131e-02 -2.480277270078659058e-01 -1.044584661722183228e-01 -3.754070103168487549e-01 -2.327872216701507568e-01 -2.110398560762405396e-01 -9.692202508449554443e-02 -6.970029324293136597e-02 -9.472826123237609863e-02 -8.219933509826660156e-02 -1.492636203765869141e-01 1.545699089765548706e-01 5.301757454872131348e-01 1.331922560930252075e-01 -1.322208493947982788e-01 5.268111228942871094e-01 1.700332760810852051e-01 2.007422745227813721e-01 1.950727850198745728e-01 1.682357788085937500e-01 -6.884912401437759399e-02 -8.904034644365310669e-02 1.142079383134841919e-01 -9.091408923268318176e-03
-1.066682860255241394e-01 1.278328150510787964e-01 -1.662405766546726227e-02 -2.856796979904174805e-01 -1.239399313926696777e-01 9.686765819787979126e-02 1.901965886354446411e-01 -1.116534322500228882e-01 7.605072110891342163e-02 -4.385519772768020630e-02 -4.216805100440979004e-01 4.526934921741485596e-01 -2.164251506328582764e-01 5.518028736114501953e-01 -9.893168509006500244e-02 2.850503623485565186e-01 1.000000000000000000e+00 8.774401620030403137e-03 -3.270477056503295898e-01 -2.055335417389869690e-02 5.626307427883148193e-02 3.834573328495025635e-01 9.283135086297988892e-02 -4.435760155320167542e-02 1.565420925617218018e-01 -1.230087280273437500e-01 2.405852079391479492e-02 2.125728279352188110e-01 -1.531530618667602539e-01 -1.639933288097381592e-01 -1.488215774297714233e-01 -2.916759997606277466e-02 -1.525816917419433594e-01 4.447591677308082581e-02 -7.806658744812011719e-02 1.675117388367652893e-02 1.771143078804016113e-01 6.359478086233139038e-02 4.310867488384246826e-01 5.668253898620605469e-01 -2.389394193887710571e-01 2.309798449277877808e-01 -1.613044440746307373e-01 6.227319594472646713e-03 9.291514009237289429e-02 5.418194457888603210e-03 1.489671021699905396e-01 -8.832535147666931152e-02 -1.541949212551116943e-01 3.006446063518524170e-01
-1.121155247092247009e-01 -2.482703886926174164e-02 -2.439363896846771240e-01 4.765908047556877136e-02 -2.317570447921752930e-01 4.047263786196708679e-02 -3.225626796483993530e-02 -6.367823481559753418e-02 1.418630331754684448e-01 7.947704195976257324e-02 3.142987564206123352e-02 -5.248980131000280380e-03 4.032097011804580688e-02 -1.879613548517227173e-01 2.247556298971176147e-01 3.487901985645294189e-01 8.774401620030403137e-03 1.000000000000000000e+00 5.580499395728111267e-02 3.454940319061279297e-01 5.473045632243156433e-02 1.563517153263092041e-01 3.597373068332672119e-01 9.882666915655136108e-02 3.148297071456909180e-01 -3.392464816570281982e-01 -1.755768656730651855e-01 -1.713894307613372803e-01 -2.775740623474121094e-01 2.285248935222625732e-01 -2.973018288612365723e-01 -4.769260287284851074e-01 -2.329689264297485352e-01 6.575168669223785400e-02 -1.852936148643493652e-01 -2.094066441059112549e-01 -2.383929938077926636e-01 -1.479479968547821045e-01 1.013655439019203186e-01 1.001387163996696472e-01 -2.401231676340103149e-01 4.884615838527679443e-01 2.614474892616271973e-01 2.496027499437332153e-01 -1.090555489063262939e-01 2.736050486564636230e-01 5.507662519812583923e-02 -1.998396366834640503e-01 1.552203744649887085e-01 3.433273732662200928e-02
-3.168731629848480225e-01 -9.066785871982574463e-02 2.863345742225646973e-01 -1.427761614322662354e-01 -3.787060678005218506e-01 1.857297867536544800e-01 7.082162052392959595e-02 -5.089768767356872559e-02 9.093412756919860840e-02 -2.508400380611419678e-01 2.689526975154876709e-01 1.709715574979782104e-01 1.492333561182022095e-01 6.872788816690444946e-02 -1.531149148941040039e-01 -1.410665810108184814e-01 -3.270477056503295898e-01 5.580499395728111267e-02 1.000000000000000000e+00 2.014786154031753540e-01 1.613251864910125732e-01 -2.124241888523101807e-01 -9.804191999137401581e-03 1.387729197740554810e-01 4.221124351024627686e-01 1.090295892208814621e-02 -4.939704835414886475e-01 -1.274298280477523804e-01 -1.862542927265167236e-01 -1.477968841791152954e-01 -1.337074339389801025e-01 -4.855183139443397522e-02 -2.149395830929279327e-02 -1.273790490813553333e-03 -2.937923558056354523e-02 6.039715185761451721e-02 -3.180366009473800659e-02 7.968723773956298828e-02 1.451881718821823597e-03 -1.171122342348098755e-01 2.896139323711395264e-01 -4.820652678608894348e-02 2.400120794773101807e-01 -3.915571868419647217e-01 7.119338959455490112e-02 2.275777757167816162e-01 -1.959801316261291504e-01 -1.508050709962844849e-01 -9.828069806098937988e-02 5.527485162019729614e-02
-1.256678253412246704e-01 2.603616192936897278e-02 -1.549618989229202271e-01 -5.043856427073478699e-02 -4.232000410556793213e-01 1.673199795186519623e-02 1.341033875942230225e-01 2.256814949214458466e-02 2.484040856361389160e-01 3.790616095066070557e-01 6.543695926666259766e-02 2.688495516777038574e-01 -4.809651151299476624e-02 2.153828442096710205e-01 8.317516744136810303e-02 9.195446968078613281e-02 -2.055335417389869690e-02 3.454940319061279297e-01 2.014786154031753540e-01 1.000000000000000000e+00 1.769080907106399536e-01 -2.737900614738464355e-01 5.305786430835723877e-02 1.944585740566253662e-01 2.201664596796035767e-01 -2.960619032382965088e-01 -3.685289323329925537e-01 -3.829680085182189941e-01 -3.230420649051666260e-01 -1.712296158075332642e-01 -4.527442753314971924e-01 -8.267942816019058228e-02 -1.666573733091354370e-01 1.480619907379150391e-01 1.563082188367843628e-01 2.071390151977539062e-01 -3.743157386779785156e-01 -1.329263895750045776e-01 1.142778843641281128e-01 1.365646272897720337e-01 -2.839250862598419189e-01 1.376811712980270386e-01 9.017492085695266724e-02 5.166674777865409851e-02 -1.752420216798782349e-01 3.604280352592468262e-01 -7.930276542901992798e-02 -3.110940456390380859e-01 2.758043110370635986e-01 1.086768507957458496e-01
-1.232919320464134216e-01 7.518514245748519897e-02 2.156710177659988403e-01 -3.226820230484008789e-01 -2.384757101535797119e-01 1.355401873588562012e-01 2.285237461328506470e-01 6.754112243652343750e-02 7.892999798059463501e-02 -1.016087010502815247e-01 -1.205935478210449219e-01 9.048303216695785522e-02 9.428249299526214600e-02 -1.263432502746582031e-01 -5.806774646043777466e-02 1.788700968027114868e-01 5.626307427883148193e-02 5.473045632243156433e-02 1.613251864910125732e-01 1.769080907106399536e-01 1.000000000000000000e+00 -1.254365295171737671e-01 2.725652046501636505e-02 -1.265837103128433228e-01 1.765627712011337280e-01 -1.545390039682388306e-01 -2.298746407032012939e-01 -4.823429584503173828e-01 -6.800755392760038376e-03 -2.282937169075012207e-01 -2.329995036125183105e-01 9.604514390230178833e-02 -1.090059280395507812e-01 -1.695893332362174988e-02 -3.581206873059272766e-02 -2.993530407547950745e-02 -2.882823646068572998e-01 -3.089266456663608551e-02 -1.503113210201263428e-01 2.445781603455543518e-02 -9.823096543550491333e-02 1.578271836042404175e-01 9.659732133150100708e-02 3.875713562592864037e-03 4.398485124111175537e-01 2.980128824710845947e-01 2.528481185436248779e-01 1.246254891157150269e-01 2.386820502579212189e-02 2.938214838504791260e-01
-6.838493794202804565e-02 1.298935860395431519e-01 6.840553600341081619e-03 -1.026198640465736389e-01 1.920338273048400879e-01 7.346565369516611099e-03 1.536016464233398438e-01 1.991196349263191223e-02 9.411912411451339722e-02 -2.057093977928161621e-01 -2.705660164356231689e-01 2.831930518150329590e-01 7.460267096757888794e-02 1.913961470127105713e-01 -1.471267640590667725e-01 2.649892270565032959e-01 3.834573328495025635e-01 1.563517153263092041e-01 -2.124241888523101807e-01 -2.737900614738464355e-01 -1.254365295171737671e-01 1.000000000000000000e+00 2.213920503854751587e-01 -4.671355709433555603e-02 -3.428191840648651123e-01 -6.586910784244537354e-02 1.769422143697738647e-01 1.934266984462738037e-01 -7.567072659730911255e-02 6.865365058183670044e-02 -6.017145514488220215e-02 -1.889845132827758789e-01 -2.370774000883102417e-02 -2.160789072513580322e-01 -2.394115030765533447e-01 -1.299871802330017090e-01 3.308057785034179688e-02 3.220405578613281250e-01 1.177082210779190063e-01 9.583783149719238281e-02 3.551019355654716492e-02 2.091815024614334106e-01 8.838114142417907715e-02 1.931726634502410889e-01 5.229859799146652222e-02 -2.437873482704162598e-01 3.455500602722167969e-01 2.902348339557647705e-01 1.758511662483215332e-01 -2.166882343590259552e-02
-3.498799502849578857e-01 2.558542788028717041e-01 -2.496764957904815674e-01 -1.892342865467071533e-01 1.583367586135864258e-01 2.273083478212356567e-01 2.690873742103576660e-01 -1.240628436207771301e-01 9.022455662488937378e-02 -1.881906986236572266e-01 -1.102363690733909607e-01 2.050892412662506104e-01 1.917907595634460449e-01 2.564202807843685150e-02 -1.056739017367362976e-01 3.877714276313781738e-01 9.283135086297988892e-02 3.597373068332672119e-01 -9.804191999137401581e-03 5.305786430835723877e-02 2.725652046501636505e-02 2.213920503854751587e-01 1.000000000000000000e+00 -8.631100878119468689e-03 7.779425941407680511e-03 -2.412473410367965698e-01 -1.083976700901985168e-01 -1.014035567641258240e-01 2.165962606668472290e-01 -3.857557475566864014e-01 -1.426386237144470215e-01 -3.213285207748413086e-01 -2.250287085771560669e-01 -1.669388860464096069e-01 -3.683554828166961670e-01 -1.824499815702438354e-01 2.492898702621459961e-01 4.004584252834320068e-01 1.412153057754039764e-02 -4.114974290132522583e-02 -2.561083436012268066e-01 2.410763055086135864e-01 3.177183568477630615e-01 3.518443703651428223e-01 -4.335981979966163635e-02 2.449989467859268188e-01 5.701894313097000122e-02 1.740771904587745667e-02 4.003626704216003418e-01 8.795160055160522461e-02
4.201621115207672119e-01 1.161019876599311829e-01 7.417995482683181763e-02 -5.455778446048498154e-03 -2.519269287586212158e-01 2.835270464420318604e-01 1.489551365375518799e-01 -6.557295471429824829e-02 2.848011553287506104e-01 -2.625564932823181152e-01 7.345779985189437866e-02 2.603398263454437256e-01 1.335398405790328979e-01 4.087461158633232117e-02 -2.686800621449947357e-02 -1.476497948169708252e-01 -4.435760155320167542e-02 9.882666915655136108e-02 1.387729197740554810e-01 1.944585740566253662e-01 -1.265837103128433228e-01 -4.671355709433555603e-02 -8.631100878119468689e-03 1.000000000000000000e+00 1.671985834836959839e-01 7.268688082695007324e-02 -3.034081161022186279e-01 -2.614874839782714844e-01 -1.613174378871917725e-01 -7.873171567916870117e-02 1.814257502555847168e-01 -1.196351349353790283e-01 -2.255198359489440918e-01 -8.752331882715225220e-02 4.621145129203796387e-02 -2.482091039419174194e-01 -2.250708043575286865e-01 3.651439025998115540e-02 1.346480250358581543e-01 4.138887673616409302e-02 -1.751532107591629028e-01 6.836234033107757568e-02 1.276718080043792725e-01 6.838674843311309814e-02 -3.207766711711883545e-01 1.906075030565261841e-01 -6.179922446608543396e-02 1.435644328594207764e-01 1.748436987400054932e-01 3.469878435134887695e-01
-3.717677295207977295e-01 2.086303830146789551e-01 1.651779562234878540e-01 6.329043954610824585e-02 -4.987877905368804932e-01 1.833371073007583618e-01 1.274751722812652588e-01 -4.296181350946426392e-02 -2.060321271419525146e-01 -1.744563132524490356e-01 -4.328879714012145996e-02 2.586394846439361572e-01 9.516116976737976074e-02 1.701907217502593994e-01 -3.321443200111389160e-01 4.386312887072563171e-02 1.565420925617218018e-01 3.148297071456909180e-01 4.221124351024627686e-01 2.201664596796035767e-01 1.765627712011337280e-01 -3.428191840648651123e-01 7.779425941407680511e-03 1.671985834836959839e-01 1.000000000000000000e+00 1.042527183890342712e-01 -3.908821344375610352e-01 -2.383473329246044159e-02 -2.599378228187561035e-01 -4.295586049556732178e-02 1.183284670114517212e-01 -9.304592758417129517e-02 -3.184702694416046143e-01 1.225613132119178772e-01 1.483389139175415039e-01 -2.607360482215881348e-01 -1.618194580078125000e-01 -3.389600291848182678e-02 1.234141439199447632e-01 2.226546108722686768e-01 3.694262821227312088e-03 1.334169954061508179e-01 4.744653403759002686e-02 -2.250791341066360474e-01 -1.016707271337509155e-01 4.091971814632415771e-01 -1.522260904312133789e-01 -1.323026120662689209e-01 -1.706043183803558350e-01 4.674370884895324707e-01
5.772253870964050293e-02 -2.416843473911285400e-01 2.209196686744689941e-01 1.522831022739410400e-01 2.050715833902359009e-01 -7.789161056280136108e-02 -6.421187520027160645e-02 1.156025081872940063e-01 -3.621352016925811768e-01 -2.274250984191894531e-02 6.387630850076675415e-02 1.201608702540397644e-01 3.435492813587188721e-01 2.039593160152435303e-01 -3.640345633029937744e-01 -4.166149199008941650e-01 -1.230087280273437500e-01 -3.392464816570281982e-01 1.090295892208814621e-02 -2.960619032382965088e-01 -1.545390039682388306e-01 -6.586910784244537354e-02 -2.412473410367965698e-01 7.268688082695007324e-02 1.042527183890342712e-01 1.000000000000000000e+00 -5.068531725555658340e-03 -8.232349902391433716e-02 9.847056120634078979e-03 3.121928572654724121e-01 3.972879648208618164e-01 2.052044272422790527e-01 3.358052670955657959e-02 -2.787192910909652710e-02 -1.058073937892913818e-01 -2.127331644296646118e-01 1.502699851989746094e-01 4.669015482068061829e-02 -5.716250464320182800e-02 8.387261629104614258e-02 1.991087198257446289e-01 -4.847514629364013672e-01 3.036729758605360985e-03 -1.896239072084426880e-01 -1.273908019065856934e-01 -3.589316830039024353e-02 -1.816901713609695435e-01 3.315361961722373962e-02 -1.190970093011856079e-01 2.519746124744415283e-01
2.388093173503875732e-01 1.122984290122985840e-01 -1.995522379875183105e-01 1.043009757995605469e-01 1.668920964002609253e-01 -2.354225814342498779e-01 -1.922949850559234619e-01 7.260231301188468933e-03 8.223605901002883911e-02 -2.472523227334022522e-02 -8.548808842897415161e-02 -3.756246268749237061e-01 3.322139754891395569e-02 -1.202461570501327515e-01 1.737828925251960754e-02 4.649887979030609131e-02 2.405852079391479492e-02 -1.755768656730651855e-01 -4.939704835414886475e-01 -3.685289323329925537e-01 -2.298746407032012939e-01 1.769422143697738647e-01 -1.083976700901985168e-01 -3.034081161022186279e-01 -3.908821344375610352e-01 -5.068531725555658340e-03 1.000000000000000000e+00 2.001418620347976685e-01 2.078079581260681152e-01 9.699409455060958862e-02 7.495266944169998169e-02 5.820043385028839111e-02 1.286417245864868164e-01 -1.292715519666671753e-01 4.771581664681434631e-02 3.412818536162376404e-02 1.585121154785156250e-01 7.319658994674682617e-02 -1.037252768874168396e-01 -2.387433201074600220e-01 1.080880463123321533e-01 1.873645335435867310e-01 -2.115658521652221680e-01 -9.431434795260429382e-03 1.338804811239242554e-01 -6.076001748442649841e-02 1.464089006185531616e-01 -1.467342255637049675e-03 -1.178762093186378479e-01 -3.651369363069534302e-02
-1.776996552944183350e-01 2.394602298736572266e-01 3.158745169639587402e-02 5.594320595264434814e-03 1.089945882558822632e-01 5.283065512776374817e-02 1.006829440593719482e-01 -7.865090854465961456e-03 -2.046980522572994232e-02 5.856781452894210815e-02 -6.221709027886390686e-02 -1.377802640199661255e-01 -1.280506253242492676e-01 1.106594055891036987e-01 -2.259589433670043945e-01 -2.480277270078659058e-01 2.125728279352188110e-01 -1.713894307613372803e-01 -1.274298280477523804e-01 -3.829680085182189941e-01 -4.823429584503173828e-01 1.934266984462738037e-01 -1.014035567641258240e-01 -2.614874839782714844e-01 -2.383473329246044159e-02 -8.232349902391433716e-02 2.001418620347976685e-01 1.000000000000000000e+00 -5.195930600166320801e-02 3.949722647666931152e-02 1.247541829943656921e-01 1.206943467259407043e-01 4.707409814000129700e-02 -9.739077836275100708e-02 -5.847014114260673523e-02 -8.381988853216171265e-02 2.513994574546813965e-01 -8.468139171600341797e-02 -5.298460833728313446e-03 -2.343882434070110321e-02 5.210052058100700378e-02 -4.102406278252601624e-02 -1.285132467746734619e-01 -2.361975759267807007e-01 -1.287021785974502563e-01 -4.472505450248718262e-01 -1.412052065134048462e-01 -2.222620882093906403e-02 -3.250653445720672607e-01 -1.888899877667427063e-02
1.325829327106475830e-01 -3.303974494338035583e-02 -1.306253820657730103e-01 2.089657038450241089e-01 1.985521465539932251e-01 -1.110734269022941589e-01 -8.109604939818382263e-03 -1.667020469903945923e-01 9.709942340850830078e-02 -5.264498665928840637e-02 -1.575856506824493408e-01 -2.902461588382720947e-01 -6.548960506916046143e-02 -2.630227208137512207e-01 2.834798097610473633e-01 -1.044584661722183228e-01 -1.531530618667602539e-01 -2.775740623474121094e-01 -1.862542927265167236e-01 -3.230420649051666260e-01 -6.800755392760038376e-03 -7.567072659730911255e-02 2.165962606668472290e-01 -1.613174378871917725e-01 -2.599378228187561035e-01 9.847056120634078979e-03 2.078079581260681152e-01 -5.195930600166320801e-02 1.000000000000000000e+00 1.229845136404037476e-01 1.680484563112258911e-01 2.801338732242584229e-01 1.777375638484954834e-01 -1.094588339328765869e-01 -2.546024322509765625e-01 2.881871350109577179e-02 1.370683610439300537e-01 2.245028018951416016e-01 -2.234431505203247070e-01 -2.645939886569976807e-01 6.421282421797513962e-03 -3.987986147403717041e-01 1.760854572057723999e-01 1.240786239504814148e-01 1.136611551046371460e-01 -2.145254462957382202e-01 1.349672675132751465e-01 7.455817610025405884e-02 2.475774139165878296e-01 -1.520358920097351074e-01
2.220575213432312012e-01 -2.324776053428649902e-01 -1.172103509306907654e-01 2.236082404851913452e-01 5.828220024704933167e-02 -3.061257600784301758e-01 -2.702191770076751709e-01 6.596472114324569702e-03 -2.052503526210784912e-01 1.819076836109161377e-01 -1.382455974817276001e-01 -3.841685950756072998e-01 -4.327592626214027405e-02 -2.620305418968200684e-01 2.682716548442840576e-01 -3.754070103168487549e-01 -1.639933288097381592e-01 2.285248935222625732e-01 -1.477968841791152954e-01 -1.712296158075332642e-01 -2.282937169075012207e-01 6.865365058183670044e-02 -3.857557475566864014e-01 -7.873171567916870117e-02 -4.295586049556732178e-02 3.121928572654724121e-01 9.699409455060958862e-02 3.949722647666931152e-02 1.229845136404037476e-01 1.000000000000000000e+00 1.276154965162277222e-01 1.202104613184928894e-01 2.418618351221084595e-01 7.366957515478134155e-02 1.491252928972244263e-01 6.189560890197753906e-02 5.756257101893424988e-02 -3.592381179332733154e-01 -2.504283189773559570e-01 -6.822606921195983887e-02 1.340771932154893875e-02 -4.123055636882781982e-01 -1.029849648475646973e-01 -9.657174348831176758e-03 -2.389615960419178009e-02 -1.003555729985237122e-01 -1.261078864336013794e-01 -7.510022819042205811e-02 -1.117053329944610596e-01 -1.977234631776809692e-01
3.668786957859992981e-02 2.352812588214874268e-01 1.083908230066299438e-01 9.230035543441772461e-02 2.390538007020950317e-01 2.199677675962448120e-01 -1.478720158338546753e-01 6.770217418670654297e-02 -4.013035893440246582e-01 -1.579805314540863037e-01 -1.424697041511535645e-01 -2.926836013793945312e-01 1.132472604513168335e-01 1.049858257174491882e-01 -2.210783064365386963e-01 -2.327872216701507568e-01 -1.488215774297714233e-01 -2.973018288612365723e-01 -1.337074339389801025e-01 -4.527442753314971924e-01 -2.329995036125183105e-01 -6.017145514488220215e-02 -1.426386237144470215e-01 1.814257502555847168e-01 1.183284670114517212e-01 3.972879648208618164e-01 7.495266944169998169e-02 1.247541829943656921e-01 1.680484563112258911e-01 1.276154965162277222e-01 1.000000000000000000e+00 1.210178509354591370e-01 2.928231470286846161e-02 -1.107387393712997437e-01 8.007708936929702759e-02 -2.405222803354263306e-01 -4.478927701711654663e-02 3.182923793792724609e-01 2.098061889410018921e-02 -3.145455718040466309e-01 2.365982532501220703e-01 -1.899003088474273682e-01 -3.044627010822296143e-01 2.181599438190460205e-01 -1.782426834106445312e-01 -2.795202732086181641e-01 2.977950032800436020e-03 3.776228725910186768e-01 -3.228873908519744873e-01 2.202326506376266479e-01
