1.000000000000000000e+00 -9.647178649902343750e-02 -1.612908542156219482e-01 -6.183983385562896729e-02 5.121810361742973328e-02 1.887893974781036377e-01 2.713276073336601257e-02 6.882584095001220703e-02 -1.234317943453788757e-01 1.418708711862564087e-01 2.715052068233489990e-01 1.348240375518798828e-01 -3.145332932472229004e-01 -1.073567941784858704e-01 -7.369430363178253174e-02 -2.129514217376708984e-01 -1.429149359464645386e-01 -1.456930488348007202e-01 5.672256648540496826e-02 6.157667841762304306e-03 -6.050467118620872498e-02 1.723524183034896851e-01 -2.835305966436862946e-02 1.592506170272827148e-01 -5.707970634102821350e-02 -8.867614716291427612e-02 2.157917022705078125e-01 1.191279143095016479e-01 -7.839044928550720215e-02 1.156217157840728760e-01 -4.273548424243927002e-01 1.143263578414916992e-01 3.229411244392395020e-01 -1.264566630125045776e-01 -7.374053448438644409e-02 -1.298289149999618530e-01 -1.471710801124572754e-01 7.731381058692932129e-02 -2.451079338788986206e-01 -2.478015236556529999e-02 -1.832682043313980103e-01 -2.137552797794342041e-01 1.327512711286544800e-01 -4.901465401053428650e-02 7.960499823093414307e-02 -3.519370406866073608e-02 -4.497956037521362305e-01 -1.770498901605606079e-01 -2.333930581808090210e-01 8.002450317144393921e-02
-9.647178649902343750e-02 1.000000000000000000e+00 -1.319081783294677734e-01 1.972641348838806152e-01 9.406638890504837036e-02 -6.364144384860992432e-02 2.473468035459518433e-01 1.459757983684539795e-01 -9.965512156486511230e-02 -5.555411428213119507e-02 2.594303339719772339e-02 -1.783334277570247650e-02 3.485212847590446472e-02 2.317999899387359619e-01 1.123564168810844421e-01 -9.738796949386596680e-02 -1.590253785252571106e-02 1.103361546993255615e-01 -1.582240462303161621e-01 -2.911448478698730469e-01 2.430536150932312012e-01 -4.286413639783859253e-02 -1.058754622936248779e-01 -3.929540887475013733e-02 1.312644779682159424e-01 -2.017283886671066284e-01 -1.825494319200515747e-01 -2.730454206466674805e-01 9.346274286508560181e-02 1.089665964245796204e-01 -2.506352663040161133e-01 -1.990008503198623657e-01 1.062242984771728516e-01 1.591412872076034546e-01 -9.257145971059799194e-02 -1.443761885166168213e-01 -3.555149137973785400e-01 1.155907362699508667e-01 -1.696372479200363159e-01 -2.122565954923629761e-01 -1.859035901725292206e-02 -2.478296607732772827e-01 -1.128202825784683228e-01 -2.900806441903114319e-02 3.006483018398284912e-01 2.804380357265472412e-01 -2.199741899967193604e-01 -3.351658582687377930e-02 -1.421372145414352417e-01 1.613935828208923340e-01
-1.612908542156219482e-01 -1.319081783294677734e-01 1.000000000000000000e+00 -1.172598600387573242e-01 1.326919347047805786e-01 7.916898280382156372e-02 -2.018897235393524170e-02 -4.492290914058685303e-01 -2.723801732063293457e-01 -1.976641640067100525e-02 4.260801896452903748e-02 -1.126308888196945190e-01 -3.898340836167335510e-02 -9.180904924869537354e-02 9.401382878422737122e-03 9.411606006324291229e-03 4.628740251064300537e-02 -1.246927902102470398e-01 -6.706137955188751221e-02 -2.163447439670562744e-01 -2.413600534200668335e-01 -8.659376949071884155e-02 1.672430634498596191e-01 -9.856615960597991943e-02 -7.233025878667831421e-02 -2.159661613404750824e-02 3.174865990877151489e-02 -4.010862112045288086e-02 3.983436524868011475e-02 -6.120757013559341431e-02 2.890918217599391937e-02 2.528021335601806641e-01 -1.539207398891448975e-01 8.980759978294372559e-02 6.506054103374481201e-02 3.079393692314624786e-02 1.129175797104835510e-01 -1.704751551151275635e-01 -1.010353416204452515e-01 -1.485275775194168091e-01 3.139300942420959473e-01 1.542318761348724365e-01 5.823561176657676697e-02 3.123155236244201660e-01 2.196078300476074219e-01 4.266235232353210449e-02 1.884153932332992554e-01 -9.429423511028289795e-02 -7.405967265367507935e-02 -2.812381647527217865e-02
-6.183983385562896729e-02 1.972641348838806152e-01 -1.172598600387573242e-01 1.000000000000000000e+00 8.714999258518218994e-02 -3.263323307037353516e-01 1.724095940589904785e-01 1.877590566873550415e-01 -1.787452399730682373e-02 -3.403874039649963379e-01 2.470230460166931152e-01 1.700116991996765137e-01 -1.246345490217208862e-01 1.595953255891799927e-01 1.108157262206077576e-02 -8.442924171686172485e-02 8.421278744935989380e-02 -2.499926686286926270e-01 -1.902081072330474854e-01 -2.802027761936187744e-01 2.113827466964721680e-01 -2.573803365230560303e-01 -6.155648082494735718e-02 1.274884585291147232e-02 -1.440950036048889160e-01 -1.062037721276283264e-01 -1.246160939335823059e-01 1.703642308712005615e-01 -1.352835595607757568e-01 2.269015014171600342e-01 -1.107545569539070129e-02 6.717417389154434204e-02 9.668722003698348999e-02 -2.585453987121582031e-01 1.064367070794105530e-01 -3.141104876995086670e-01 9.922007098793983459e-03 -2.139124274253845215e-02 3.263621926307678223e-01 2.020234465599060059e-01 3.430138155817985535e-02 -1.251213550567626953e-01 -1.562451124191284180e-01 -2.343561053276062012e-01 1.766760349273681641e-01 1.473969817161560059e-01 5.833621695637702942e-02 3.730192035436630249e-02 -1.992049813270568848e-02 1.271449029445648193e-01
5.121810361742973328e-02 9.406638890504837036e-02 1.326919347047805786e-01 8.714999258518218994e-02 1.000000000000000000e+00 -5.509989336133003235e-03 1.605964899063110352e-01 -5.103015899658203125e-02 2.510093152523040771e-01 2.324472069740295410e-01 1.082891598343849182e-01 -2.620026171207427979e-01 -9.838511049747467041e-02 -2.262838035821914673e-01 2.594117522239685059e-01 -3.004923760890960693e-01 -6.100259721279144287e-02 2.050139941275119781e-02 1.208446994423866272e-01 8.619027584791183472e-02 2.644447237253189087e-02 -1.457075327634811401e-01 -1.873387694358825684e-01 -1.746757514774799347e-02 1.287947595119476318e-01 -4.540876671671867371e-02 5.012632906436920166e-02 3.011141158640384674e-02 -3.452067673206329346e-01 -3.910314738750457764e-01 1.877441853284835815e-01 -3.304912522435188293e-02 2.064743787050247192e-01 -1.507431641221046448e-02 -3.537430167198181152e-01 1.323924064636230469e-01 2.190135419368743896e-01 -1.049922183156013489e-01 -2.999467849731445312e-01 -2.875853776931762695e-01 1.968970149755477905e-01 -2.511404454708099365e-01 1.643539220094680786e-01 -1.191096380352973938e-01 2.554659843444824219e-01 1.204481944441795349e-01 -4.823141917586326599e-02 7.315318286418914795e-02 -4.943832755088806152e-02 1.986873149871826172e-01
1.887893974781036377e-01 -6.364144384860992432e-02 7.916898280382156372e-02 -3.263323307037353516e-01 -5.509989336133003235e-03 1.000000000000000000e+00 1.867628097534179688e-01 4.867280647158622742e-02 -1.337475925683975220e-01 1.625767052173614502e-01 -1.429195702075958252e-01 8.438569307327270508e-02 7.232039421796798706e-02 -4.667821153998374939e-02 -3.114948607981204987e-02 -5.644765496253967285e-02 -6.078516319394111633e-02 2.875645458698272705e-02 2.604295313358306885e-01 -2.206266857683658600e-02 9.179880726151168346e-05 -2.036332637071609497e-01 -1.203319639898836613e-03 2.436542659997940063e-01 -8.084014058113098145e-02 1.851217299699783325e-01 7.678238302469253540e-02 -2.320757210254669189e-01 -1.893391013145446777e-01 -2.958665788173675537e-01 -3.292399644851684570e-01 -5.812479183077812195e-02 -7.406955212354660034e-02 -1.675876230001449585e-02 -2.448815256357192993e-01 2.129134237766265869e-01 6.190719082951545715e-02 6.679634749889373779e-02 -1.548627614974975586e-01 -5.507687106728553772e-03 -1.734904795885086060e-01 -2.105237543582916260e-01 1.561000496149063110e-01 -1.140262931585311890e-01 1.838927716016769409e-01 -3.809964284300804138e-03 -1.615127325057983398e-01 -1.042971685528755188e-01 6.915532797574996948e-02 -1.230419054627418518e-01
2.713276073336601257e-02 2.473468035459518433e-01 -2.018897235393524170e-02 1.724095940589904785e-01 1.605964899063110352e-01 1.867628097534179688e-01 1.000000000000000000e+00 3.211215138435363770e-02 -4.141224920749664307e-02 -9.423357993364334106e-02 3.643553704023361206e-02 -4.071356356143951416e-01 -6.428962200880050659e-02 -3.192920982837677002e-02 -7.737934589385986328e-02 -1.688785478472709656e-02 -1.245996803045272827e-01 -6.106142699718475342e-02 2.819120883941650391e-02 -2.928491234779357910e-01 6.317877769470214844e-02 4.221034795045852661e-02 1.507443338632583618e-01 3.051643632352352142e-02 -1.450459808111190796e-01 -9.318755939602851868e-03 -2.196260839700698853e-01 -8.493297733366489410e-03 -1.864578574895858765e-01 2.583484724164009094e-02 -4.466696456074714661e-02 -3.141322433948516846e-01 1.168864965438842773e-01 1.152269616723060608e-01 -2.490986883640289307e-01 -2.863967977464199066e-02 -4.791962355375289917e-02 2.188884466886520386e-01 1.088875532150268555e-01 -1.571487784385681152e-01 -5.046226084232330322e-02 -1.335784643888473511e-01 1.327957808971405029e-01 -1.591613143682479858e-01 1.708524823188781738e-01 1.052771359682083130e-01 3.148622810840606689e-02 -2.030991576611995697e-02 1.329604163765907288e-02 7.860318571329116821e-02
6.882584095001220703e-02 1.459757983684539795e-01 -4.492290914058685303e-01 1.877590566873550415e-01 -5.103015899658203125e-02 4.867280647158622742e-02 3.211215138435363770e-02 1.000000000000000000e+00 2.225267589092254639e-01 5.309515073895454407e-02 6.676666438579559326e-02 -5.725566670298576355e-02 3.025685548782348633e-01 3.602256476879119873e-01 1.078139394521713257e-01 9.880747646093368530e-03 1.600998789072036743e-01 -2.217301577329635620e-01 -7.177405059337615967e-02 5.016608536243438721e-02 -1.492950618267059326e-01 1.666346192359924316e-02 -1.795447245240211487e-02 -3.288993611931800842e-02 -1.439602375030517578e-01 1.315449029207229614e-01 -3.715962171554565430e-01 -3.476988375186920166e-01 -8.445526659488677979e-02 2.950785458087921143e-01 9.697662293910980225e-02 -2.829440496861934662e-02 1.531676650047302246e-01 -2.373893558979034424e-02 -1.820116192102432251e-01 -1.053373888134956360e-02 -1.144059225916862488e-01 1.942866742610931396e-01 3.027555532753467560e-02 6.482018530368804932e-02 1.665582954883575439e-01 -3.997090756893157959e-01 1.541576907038688660e-02 -1.618179976940155029e-01 -3.781220614910125732e-01 -2.577522099018096924e-01 -2.071534842252731323e-01 2.292950004339218140e-01 -1.151300147175788879e-01 1.286889314651489258e-01
-1.234317943453788757e-01 -9.965512156486511230e-02 -2.723801732063293457e-01 -1.787452399730682373e-02 2.510093152523040771e-01 -1.337475925683975220e-01 -4.141224920749664307e-02 2.225267589092254639e-01 1.000000000000000000e+00 4.621971771121025085e-02 -1.486131250858306885e-01 1.249635815620422363e-01 1.803307235240936279e-01 2.468994408845901489e-01 -1.160468459129333496e-01 -1.156647428870201111e-01 -3.718158230185508728e-02 1.079663559794425964e-01 -1.513368040323257446e-01 7.114136964082717896e-02 -9.119531139731407166e-03 -2.419039011001586914e-01 3.269688040018081665e-02 -1.021987870335578918e-01 -2.311040759086608887e-01 -8.987917564809322357e-03 -6.377862766385078430e-03 1.125644370913505554e-01 -1.047141999006271362e-01 9.612315148115158081e-02 2.496122419834136963e-01 -1.424126327037811279e-01 1.368156671524047852e-01 -1.033968925476074219e-01 -3.289073705673217773e-01 2.295778244733810425e-01 1.049592271447181702e-01 1.888100802898406982e-02 -3.627827763557434082e-02 -1.791710108518600464e-01 1.843042206019163132e-03 4.858532920479774475e-03 -8.480714634060859680e-03 7.554015517234802246e-02 -3.052350580692291260e-01 -2.060893177986145020e-02 2.510862238705158234e-02 6.021879240870475769e-02 2.187292277812957764e-01 1.783876121044158936e-01
1.418708711862564087e-01 -5.555411428213119507e-02 -1.976641640067100525e-02 -3.403874039649963379e-01 2.324472069740295410e-01 1.625767052173614502e-01 -9.423357993364334106e-02 5.309515073895454407e-02 4.621971771121025085e-02 1.000000000000000000e+00 1.312245577573776245e-01 -1.786432415246963501e-01 1.371669955551624298e-02 1.028331648558378220e-02 -3.250333070755004883e-01 -2.600252330303192139e-01 -1.122700497508049011e-01 -1.997039467096328735e-01 2.274940758943557739e-01 7.492934167385101318e-02 -4.200614243745803833e-02 1.616189032793045044e-01 4.586637020111083984e-02 1.332341432571411133e-01 9.727352857589721680e-02 -3.303048908710479736e-01 1.751397103071212769e-01 -1.224915459752082825e-01 -1.485980898141860962e-01 -1.817189604043960571e-01 1.965548843145370483e-01 8.325707912445068359e-02 1.818666160106658936e-01 -6.890062708407640457e-03 1.611688733100891113e-01 1.995938718318939209e-01 -3.045456297695636749e-02 2.824598737061023712e-02 -1.626270115375518799e-01 -1.983780115842819214e-01 -1.232168078422546387e-02 -2.767711877822875977e-01 7.490757852792739868e-02 -2.226379960775375366e-01 2.279375791549682617e-01 -9.183951467275619507e-02 -2.534838020801544189e-02 1.979564130306243896e-01 -8.081323653459548950e-02 8.728209137916564941e-02
2.715052068233489990e-01 2.594303339719772339e-02 4.260801896452903748e-02 2.470230460166931152e-01 1.082891598343849182e-01 -1.429195702075958252e-01 3.643553704023361206e-02 6.676666438579559326e-02 -1.486131250858306885e-01 1.312245577573776245e-01 1.000000000000000000e+00 -1.624265909194946289e-01 1.370928138494491577e-01 9.979441761970520020e-02 3.892116993665695190e-02 -2.222776710987091064e-01 2.324576526880264282e-01 -4.768958389759063721e-01 2.495832592248916626e-01 -2.778692245483398438e-01 3.783135861158370972e-02 8.792790025472640991e-02 -2.562780380249023438e-01 1.402596682310104370e-01 8.415261656045913696e-02 -2.863525748252868652e-01 1.057538762688636780e-01 -1.176163703203201294e-01 -5.522723793983459473e-01 -1.073657944798469543e-01 -2.277961969375610352e-01 -1.758357584476470947e-01 1.725954189896583557e-02 3.384029269218444824e-01 3.294148668646812439e-02 -1.429435908794403076e-01 -4.127008914947509766e-01 1.070077121257781982e-01 -1.488181054592132568e-01 2.246257364749908447e-01 1.826384812593460083e-01 -2.082115411758422852e-01 -4.988171458244323730e-01 -1.198756173253059387e-01 2.986601889133453369e-01 6.153820827603340149e-02 -7.810981478542089462e-03 -1.748276203870773315e-01 -4.709228277206420898e-01 1.920031011104583740e-01
1.348240375518798828e-01 -1.783334277570247650e-02 -1.126308888196945190e-01 1.700116991996765137e-01 -2.620026171207427979e-01 8.438569307327270508e-02 -4.071356356143951416e-01 -5.725566670298576355e-02 1.249635815620422363e-01 -1.786432415246963501e-01 -1.624265909194946289e-01 1.000000000000000000e+00 -1.946546435356140137e-01 3.284694850444793701e-01 -4.061642661690711975e-02 7.757460325956344604e-02 2.180000990629196167e-01 -1.258247643709182739e-01 -5.290602147579193115e-02 -6.504681706428527832e-02 -4.678216949105262756e-02 -3.393542021512985229e-02 -1.418852657079696655e-01 -1.468038260936737061e-01 -8.141674846410751343e-02 2.071535564027726650e-04 1.309359669685363770e-01 2.844519913196563721e-01 3.699209094047546387e-01 4.173294827342033386e-02 -3.223904371261596680e-01 -1.322909444570541382e-01 -9.372029453516006470e-02 -1.484670192003250122e-01 -9.754384309053421021e-02 -2.555868923664093018e-01 -5.689109116792678833e-02 -6.404343992471694946e-03 2.497031539678573608e-01 7.491163909435272217e-02 -1.882737278938293457e-01 3.143670037388801575e-02 -2.614640295505523682e-01 -7.766241580247879028e-02 9.524292498826980591e-02 -2.864692173898220062e-02 1.978933624923229218e-02 7.862780988216400146e-02 -9.009770303964614868e-02 -1.854908466339111328e-01
-3.145332932472229004e-01 3.485212847590446472e-02 -3.898340836167335510e-02 -1.246345490217208862e-01 -9.838511049747467041e-02 7.232039421796798706e-02 -6.428962200880050659e-02 3.025685548782348633e-01 1.803307235240936279e-01 1.371669955551624298e-02 1.370928138494491577e-01 -1.946546435356140137e-01 1.000000000000000000e+00 -4.696368798613548279e-02 8.124547451734542847e-02 -5.611241981387138367e-02 8.174832165241241455e-02 2.018109709024429321e-01 -1.588482558727264404e-01 -1.402698904275894165e-01 -1.476182490587234497e-01 9.869346022605895996e-02 1.078242212533950806e-01 -1.775466352701187134e-01 -2.390034347772598267e-01 3.341368734836578369e-01 -4.673510491847991943e-01 -3.615663349628448486e-01 -3.366031646728515625e-01 9.479261934757232666e-02 2.529278695583343506e-01 1.159529164433479309e-01 -1.275333669036626816e-02 3.592807054519653320e-01 -1.779116988182067871e-01 2.857876121997833252e-01 -2.247799485921859741e-01 2.392998486757278442e-01 1.023464128375053406e-01 -4.121084138751029968e-02 1.819106042385101318e-01 1.039330586791038513e-01 -2.405410557985305786e-01 5.600379034876823425e-02 -6.741434335708618164e-02 -2.922133803367614746e-01 2.564490735530853271e-01 1.056176200509071350e-01 -3.986833095550537109e-01 3.058352768421173096e-01
-1.073567941784858704e-01 2.317999899387359619e-01 -9.180904924869537354e-02 1.595953255891799927e-01 -2.262838035821914673e-01 -4.667821153998374939e-02 -3.192920982837677002e-02 3.602256476879119873e-01 2.468994408845901489e-01 1.028331648558378220e-02 9.979441761970520020e-02 3.284694850444793701e-01 -4.696368798613548279e-02 1.000000000000000000e+00 1.021055355668067932e-01 1.734224148094654083e-02 1.424091756343841553e-01 -3.004527091979980469e-01 -1.231059059500694275e-01 -1.310504823923110962e-01 -2.217737883329391479e-01 -2.308926731348037720e-02 -1.814967952668666840e-02 8.805511891841888428e-02 -3.250907734036445618e-02 -2.150346785783767700e-01 1.034720763564109802e-01 -1.627987325191497803e-01 6.701003760099411011e-02 1.795004755258560181e-01 8.818330615758895874e-02 -2.224038839340209961e-01 -1.871986836194992065e-01 -2.059676349163055420e-01 -1.958823055028915405e-01 -1.055151522159576416e-01 -3.861292600631713867e-01 1.421425491571426392e-01 1.942680925130844116e-01 8.703790605068206787e-02 1.434963494539260864e-01 -1.396117508411407471e-01 -3.735247850418090820e-01 -3.068634569644927979e-01 -1.100927498191595078e-02 -2.436272054910659790e-01 -3.795056045055389404e-01 4.813304170966148376e-02 -8.449615538120269775e-02 -1.047872006893157959e-02
-7.369430363178253174e-02 1.123564168810844421e-01 9.401382878422737122e-03 1.108157262206077576e-02 2.594117522239685059e-01 -3.114948607981204987e-02 -7.737934589385986328e-02 1.078139394521713257e-01 -1.160468459129333496e-01 -3.250333070755004883e-01 3.892116993665695190e-02 -4.061642661690711975e-02 8.124547451734542847e-02 1.021055355668067932e-01 1.000000000000000000e+00 1.472708284854888916e-01 7.354028522968292236e-02 -7.558820396661758423e-02 -1.515955924987792969e-01 1.810650527477264404e-01 -8.318743784911930561e-04 -1.870175637304782867e-02 -1.021217256784439087e-01 8.562534116208553314e-03 2.534925751388072968e-02 4.516514018177986145e-02 -1.641017347574234009e-01 -2.100832611322402954e-01 -1.568654477596282959e-01 -4.902079701423645020e-02 8.042681962251663208e-02 -2.177486419677734375e-01 1.386357694864273071e-01 -2.465229667723178864e-02 -1.450794637203216553e-01 -3.550580888986587524e-02 7.874369621276855469e-03 1.258913725614547729e-01 -9.077843278646469116e-02 -4.350299760699272156e-02 2.659321995452046394e-03 6.253112107515335083e-02 -3.388324677944183350e-01 -6.479147076606750488e-02 -4.179643467068672180e-02 -1.401732563972473145e-01 8.344100415706634521e-02 -1.201296690851449966e-02 -7.379290461540222168e-02 -2.281334623694419861e-02
-2.129514217376708984e-01 -9.738796949386596680e-02 9.411606006324291229e-03 -8.442924171686172485e-02 -3.004923760890960693e-01 -5.644765496253967285e-02 -1.688785478472709656e-02 9.880747646093368530e-03 -1.156647428870201111e-01 -2.600252330303192139e-01 -2.222776710987091064e-01 7.757460325956344604e-02 -5.611241981387138367e-02 1.734224148094654083e-02 1.472708284854888916e-01 1.000000000000000000e+00 2.111363261938095093e-01 1.106101050972938538e-01 -1.336342394351959229e-01 -1.032751277089118958e-01 -1.009127572178840637e-01 1.608777046203613281e-02 6.736361980438232422e-02 -1.244407445192337036e-01 -2.217920273542404175e-01 2.704891562461853027e-01 -9.846429526805877686e-02 -1.197101026773452759e-01 1.227101683616638184e-01 3.423007428646087646e-01 -2.418339252471923828e-01 1.209700927138328552e-01 -6.059981137514114380e-02 3.416397050023078918e-02 9.127344191074371338e-02 4.740450158715248108e-02 2.955502867698669434e-01 -9.661067277193069458e-02 -2.971158735454082489e-02 -2.774817645549774170e-01 6.864489614963531494e-02 4.899870157241821289e-01 -1.912300139665603638e-01 -5.559469386935234070e-02 -2.919950783252716064e-01 -1.693947166204452515e-01 1.555014699697494507e-01 2.093059122562408447e-01 7.723307609558105469e-02 -2.755187749862670898e-01
-1.429149359464645386e-01 -1.590253785252571106e-02 4.628740251064300537e-02 8.421278744935989380e-02 -6.100259721279144287e-02 -6.078516319394111633e-02 -1.245996803045272827e-01 1.600998789072036743e-01 -3.718158230185508728e-02 -1.122700497508049011e-01 2.324576526880264282e-01 2.180000990629196167e-01 8.174832165241241455e-02 1.424091756343841553e-01 7.354028522968292236e-02 2.111363261938095093e-01 1.000000000000000000e+00 -3.218469023704528809e-01 -1.792815923690795898e-01 -1.130051538348197937e-01 -1.091362088918685913e-01 1.453041881322860718e-01 -3.249270617961883545e-01 -1.904830187559127808e-01 -1.707054972648620605e-01 2.847632206976413727e-02 -5.025686696171760559e-03 -2.759936451911926270e-01 5.212831124663352966e-02 2.675876952707767487e-02 -2.322300523519515991e-01 -2.962373793125152588e-01 -2.092104554176330566e-01 2.999181449413299561e-01 -7.190480828285217285e-03 -3.436376750469207764e-01 -2.698168754577636719e-01 -8.140727132558822632e-02 4.367344975471496582e-01 1.285371333360671997e-01 6.336024403572082520e-02 6.545158475637435913e-02 -3.426912426948547363e-01 -2.150553166866302490e-01 2.759035909548401833e-03 -1.931003779172897339e-01 2.685956358909606934e-01 -5.007662996649742126e-02 -1.048209425061941147e-02 2.693248214200139046e-03
-1.456930488348007202e-01 1.103361546993255615e-01 -1.246927902102470398e-01 -2.499926686286926270e-01 2.050139941275119781e-02 2.875645458698272705e-02 -6.106142699718475342e-02 -2.217301577329635620e-01 1.079663559794425964e-01 -1.997039467096328735e-01 -4.768958389759063721e-01 -1.258247643709182739e-01 2.018109709024429321e-01 -3.004527091979980469e-01 -7.558820396661758423e-02 1.106101050972938538e-01 -3.218469023704528809e-01 1.000000000000000000e+00 1.582958037033677101e-03 -2.772773243486881256e-02 -1.466980278491973877e-01 1.105330884456634521e-02 2.859922647476196289e-01 -3.215112686157226562e-01 8.073958009481430054e-02 3.861868977546691895e-01 -3.554860502481460571e-02 2.294369973242282867e-02 4.814195260405540466e-02 -4.546604678034782410e-02 2.893610857427120209e-02 3.625169396400451660e-01 -9.236592054367065430e-02 -2.015807628631591797e-01 1.152605786919593811e-01 3.563645854592323303e-02 2.429694533348083496e-01 4.197216592729091644e-03 -1.676118671894073486e-01 -3.305466771125793457e-01 -8.127027750015258789e-02 3.465082347393035889e-01 2.495466768741607666e-01 2.204593569040298462e-01 -2.219248116016387939e-01 -7.676690816879272461e-03 -5.566323176026344299e-02 -6.340216845273971558e-02 2.120456546545028687e-01 -5.894838273525238037e-02
5.672256648540496826e-02 -1.582240462303161621e-01 -6.706137955188751221e-02 -1.902081072330474854e-01 1.208446994423866272e-01 2.604295313358306885e-01 2.819120883941650391e-02 -7.177405059337615967e-02 -1.513368040323257446e-01 2.274940758943557739e-01 2.495832592248916626e-01 -5.290602147579193115e-02 -1.588482558727264404e-01 -1.231059059500694275e-01 -1.515955924987792969e-01 -1.336342394351959229e-01 -1.792815923690795898e-01 1.582958037033677101e-03 1.000000000000000000e+00 8.271365612745285034e-02 -2.794739045202732086e-02 1.809863448143005371e-01 2.750694565474987030e-02 8.081153035163879395e-02 2.825036942958831787e-01 -3.087088763713836670e-01 2.511241137981414795e-01 6.009903550148010254e-02 -1.961591392755508423e-01 -5.166389942169189453e-01 -1.578464061021804810e-01 -2.308366149663925171e-01 -2.199605703353881836e-01 6.207212433218955994e-02 -7.718745619058609009e-03 5.418489221483469009e-03 3.307793289422988892e-02 -2.856667339801788330e-01 -3.519304096698760986e-01 2.278789728879928589e-01 -1.742763519287109375e-01 -1.878021508455276489e-01 7.625394035130739212e-03 1.085376460105180740e-02 1.026710793375968933e-01 1.106976270675659180e-01 3.549160435795783997e-03 2.064818330109119415e-02 -1.228614747524261475e-01 2.450491115450859070e-02
6.157667841762304306e-03 -2.911448478698730469e-01 -2.163447439670562744e-01 -2.802027761936187744e-01 8.619027584791183472e-02 -2.206266857683658600e-02 -2.928491234779357910e-01 5.016608536243438721e-02 7.114136964082717896e-02 7.492934167385101318e-02 -2.778692245483398438e-01 -6.504681706428527832e-02 -1.402698904275894165e-01 -1.310504823923110962e-01 1.810650527477264404e-01 -1.032751277089118958e-01 -1.130051538348197937e-01 -2.772773243486881256e-02 8.271365612745285034e-02 1.000000000000000000e+00 -2.480594813823699951e-02 1.992183178663253784e-02 -5.335345864295959473e-02 3.430630564689636230e-01 1.066768839955329895e-01 -2.887121438980102539e-01 1.552567780017852783e-01 1.039670184254646301e-01 -5.690867081284523010e-02 -2.277294248342514038e-01 1.646913886070251465e-01 8.018359541893005371e-02 -3.364077806472778320e-01 -3.866700828075408936e-02 -1.389001011848449707e-01 9.814989566802978516e-02 1.889791637659072876e-01 -1.566598117351531982e-01 -4.000834003090858459e-02 1.697881519794464111e-01 -9.315989166498184204e-02 -1.796248741447925568e-02 4.550624191761016846e-01 5.393738299608230591e-02 -1.608574241399765015e-01 1.218891739845275879e-01 -3.379876539111137390e-02 1.667384058237075806e-01 1.084271296858787537e-01 -2.352638989686965942e-01
-6.050467118620872498e-02 2.430536150932312012e-01 -2.413600534200668335e-01 2.113827466964721680e-01 2.644447237253189087e-02 9.179880726151168346e-05 6.317877769470214844e-02 -1.492950618267059326e-01 -9.119531139731407166e-03 -4.200614243745803833e-02 3.783135861158370972e-02 -4.678216949105262756e-02 -1.476182490587234497e-01 -2.217737883329391479e-01 -8.318743784911930561e-04 -1.009127572178840637e-01 -1.091362088918685913e-01 -1.466980278491973877e-01 -2.794739045202732086e-02 -2.480594813823699951e-02 1.000000000000000000e+00 -2.517350018024444580e-01 -2.161244899034500122e-01 4.308205842971801758e-01 4.835045337677001953e-02 -1.210686340928077698e-01 -1.033753603696823120e-01 2.797819077968597412e-01 -8.716101199388504028e-02 -2.245398312807083130e-01 -1.154316067695617676e-01 -2.767275869846343994e-01 1.210964918136596680e-01 5.719614773988723755e-02 1.292921751737594604e-01 -1.041578650474548340e-01 7.653380185365676880e-02 -3.374297618865966797e-01 5.586532875895500183e-02 3.636110574007034302e-02 1.041298080235719681e-02 3.520995378494262695e-02 -4.004680737853050232e-02 2.474965602159500122e-01 2.884808182716369629e-01 1.786360591650009155e-01 -2.974276430904865265e-02 -2.451422065496444702e-01 2.277627736330032349e-01 6.324074417352676392e-02
1.723524183034896851e-01 -4.286413639783859253e-02 -8.659376949071884155e-02 -2.573803365230560303e-01 -1.457075327634811401e-01 -2.036332637071609497e-01 4.221034795045852661e-02 1.666346192359924316e-02 -2.419039011001586914e-01 1.616189032793045044e-01 8.792790025472640991e-02 -3.393542021512985229e-02 9.869346022605895996e-02 -2.308926731348037720e-02 -1.870175637304782867e-02 1.608777046203613281e-02 1.453041881322860718e-01 1.105330884456634521e-02 1.809863448143005371e-01 1.992183178663253784e-02 -2.517350018024444580e-01 1.000000000000000000e+00 -1.530301570892333984e-01 -2.511568069458007812e-01 -2.451518923044204712e-01 -1.733683794736862183e-01 8.912529796361923218e-02 -1.387906372547149658e-01 9.011811017990112305e-02 -1.169182360172271729e-01 -8.054734021425247192e-02 -1.722711622714996338e-01 2.016355842351913452e-02 -1.344412099570035934e-02 1.678446382284164429e-01 -2.984291315078735352e-02 -1.458172351121902466e-01 1.470669079571962357e-02 2.730083167552947998e-01 2.425774373114109039e-02 1.212010905146598816e-01 -2.682253904640674591e-02 -1.319972276687622070e-01 8.900118619203567505e-02 2.189303375780582428e-02 -2.397291213274002075e-01 1.431666612625122070e-01 2.307736724615097046e-01 -3.073698878288269043e-01 1.423048507422208786e-02
-2.835305966436862946e-02 -1.058754622936248779e-01 1.672430634498596191e-01 -6.155648082494735718e-02 -1.873387694358825684e-01 -1.203319639898836613e-03 1.507443338632583618e-01 -1.795447245240211487e-02 3.269688040018081665e-02 4.586637020111083984e-02 -2.562780380249023438e-01 -1.418852657079696655e-01 1.078242212533950806e-01 -1.814967952668666840e-02 -1.021217256784439087e-01 6.736361980438232422e-02 -3.249270617961883545e-01 2.859922647476196289e-01 2.750694565474987030e-02 -5.335345864295959473e-02 -2.161244899034500122e-01 -1.530301570892333984e-01 1.000000000000000000e+00 -1.788811385631561279e-01 -8.386754244565963745e-02 -2.109526656568050385e-02 -3.667203187942504883e-01 -3.092483058571815491e-02 1.177187934517860413e-01 2.428716719150543213e-01 2.189709693193435669e-01 4.589732587337493896e-01 1.440437436103820801e-01 -2.773678600788116455e-01 1.578760594129562378e-01 -1.366451084613800049e-01 -2.715338766574859619e-02 -5.519511550664901733e-02 1.271606143563985825e-02 -2.926977574825286865e-01 -2.475940287113189697e-01 4.592479467391967773e-01 2.604822218418121338e-01 1.702070683240890503e-01 -3.469493985176086426e-01 -2.319218218326568604e-02 8.841654658317565918e-02 -1.262454986572265625e-01 3.771818883251398802e-04 -1.681824028491973877e-01
1.592506170272827148e-01 -3.929540887475013733e-02 -9.856615960597991943e-02 1.274884585291147232e-02 -1.746757514774799347e-02 2.436542659997940063e-01 3.051643632352352142e-02 -3.288993611931800842e-02 -1.021987870335578918e-01 1.332341432571411133e-01 1.402596682310104370e-01 -1.468038260936737061e-01 -1.775466352701187134e-01 8.805511891841888428e-02 8.562534116208553314e-03 -1.244407445192337036e-01 -1.904830187559127808e-01 -3.215112686157226562e-01 8.081153035163879395e-02 3.430630564689636230e-01 4.308205842971801758e-01 -2.511568069458007812e-01 -1.788811385631561279e-01 1.000000000000000000e+00 3.008900284767150879e-01 -2.989546358585357666e-01 4.290607571601867676e-01 8.869519829750061035e-02 -3.666735291481018066e-01 2.316277101635932922e-02 6.593645364046096802e-02 -1.243385970592498779e-01 -1.319618970155715942e-01 -5.416441336274147034e-02 -2.474413812160491943e-01 1.393628418445587158e-01 4.965724423527717590e-02 -2.710780203342437744e-01 -7.049163803458213806e-03 -1.298927329480648041e-02 -1.551233679056167603e-01 -3.086386620998382568e-01 1.376732885837554932e-01 -5.079997330904006958e-02 2.409703433513641357e-01 3.475451841950416565e-02 -3.165271878242492676e-01 -1.564923822879791260e-01 -1.454046964645385742e-01 7.945818826556205750e-03
-5.707970634102821350e-02 1.312644779682159424e-01 -7.233025878667831421e-02 -1.440950036048889160e-01 1.287947595119476318e-01 -8.084014058113098145e-02 -1.450459808111190796e-01 -1.439602375030517578e-01 -2.311040759086608887e-01 9.727352857589721680e-02 8.415261656045913696e-02 -8.141674846410751343e-02 -2.390034347772598267e-01 -3.250907734036445618e-02 2.534925751388072968e-02 -2.217920273542404175e-01 -1.707054972648620605e-01 8.073958009481430054e-02 2.825036942958831787e-01 1.066768839955329895e-01 4.835045337677001953e-02 -2.451518923044204712e-01 -8.386754244565963745e-02 3.008900284767150879e-01 1.000000000000000000e+00 4.885764047503471375e-02 2.082662135362625122e-01 7.853669673204421997e-02 2.486680820584297180e-02 -1.802719384431838989e-01 1.864104866981506348e-01 -1.724988669157028198e-01 -8.762100338935852051e-02 9.648528695106506348e-02 -7.474557310342788696e-02 -5.155969038605690002e-02 -1.404557228088378906e-01 1.321284770965576172e-01 -1.948506087064743042e-01 -1.192961782217025757e-01 -1.596900522708892822e-01 -2.430543452501296997e-01 1.768774539232254028e-01 -4.780853632837533951e-03 -5.230096727609634399e-02 3.209278732538223267e-02 -2.055024355649948120e-01 6.025356240570545197e-03 -1.734922081232070923e-01 -7.180402427911758423e-02
-8.867614716291427612e-02 -2.017283886671066284e-01 -2.159661613404750824e-02 -1.062037721276283264e-01 -4.540876671671867371e-02 1.851217299699783325e-01 -9.318755939602851868e-03 1.315449029207229614e-01 -8.987917564809322357e-03 -3.303048908710479736e-01 -2.863525748252868652e-01 2.071535564027726650e-04 3.341368734836578369e-01 -2.150346785783767700e-01 4.516514018177986145e-02 2.704891562461853027e-01 2.847632206976413727e-02 3.861868977546691895e-01 -3.087088763713836670e-01 -2.887121438980102539e-01 -1.210686340928077698e-01 -1.733683794736862183e-01 -2.109526656568050385e-02 -2.989546358585357666e-01 4.885764047503471375e-02 1.000000000000000000e+00 -3.712452352046966553e-01 -2.707838825881481171e-02 1.515515446662902832e-01 7.082740217447280884e-02 1.355498284101486206e-01 2.277035564184188843e-01 1.288283616304397583e-01 5.713622644543647766e-02 -1.899071186780929565e-01 1.863248646259307861e-01 1.600461155176162720e-01 2.501378953456878662e-01 8.199277520179748535e-02 -1.363361477851867676e-01 2.769608199596405029e-01 2.089084088802337646e-01 8.175136148929595947e-02 5.273422691971063614e-03 -3.168498575687408447e-01 -3.404179513454437256e-01 -1.105639412999153137e-01 -1.291421009227633476e-03 2.296395227313041687e-02 -6.882220506668090820e-02
2.157917022705078125e-01 -1.825494319200515747e-01 3.174865990877151489e-02 -1.246160939335823059e-01 5.012632906436920166e-02 7.678238302469253540e-02 -2.196260839700698853e-01 -3.715962171554565430e-01 -6.377862766385078430e-03 1.751397103071212769e-01 1.057538762688636780e-01 1.309359669685363770e-01 -4.673510491847991943e-01 1.034720763564109802e-01 -1.641017347574234009e-01 -9.846429526805877686e-02 -5.025686696171760559e-03 -3.554860502481460571e-02 2.511241137981414795e-01 1.552567780017852783e-01 -1.033753603696823120e-01 8.912529796361923218e-02 -3.667203187942504883e-01 4.290607571601867676e-01 2.082662135362625122e-01 -3.712452352046966553e-01 1.000000000000000000e+00 1.490391939878463745e-01 -1.324123330414295197e-02 -3.362409770488739014e-02 -5.658476427197456360e-02 -8.353303372859954834e-02 -1.405207812786102295e-01 -2.470192760229110718e-01 -8.820933289825916290e-03 8.217952400445938110e-02 2.111456096172332764e-01 -3.115552961826324463e-01 -1.299691051244735718e-01 1.055417284369468689e-01 -2.732651233673095703e-01 -3.532381653785705566e-01 -9.967101365327835083e-02 -1.960597783327102661e-01 2.371549904346466064e-01 2.427191883325576782e-01 -2.052934914827346802e-01 -2.660566568374633789e-01 1.130056157708168030e-01 -1.190363094210624695e-01
1.191279143095016479e-01 -2.730454206466674805e-01 -4.010862112045288086e-02 1.703642308712005615e-01 3.011141158640384674e-02 -2.320757210254669189e-01 -8.493297733366489410e-03 -3.476988375186920166e-01 1.125644370913505554e-01 -1.224915459752082825e-01 -1.176163703203201294e-01 2.844519913196563721e-01 -3.615663349628448486e-01 -1.627987325191497803e-01 -2.100832611322402954e-01 -1.197101026773452759e-01 -2.759936451911926270e-01 2.294369973242282867e-02 6.009903550148010254e-02 1.039670184254646301e-01 2.797819077968597412e-01 -1.387906372547149658e-01 -3.092483058571815491e-02 8.869519829750061035e-02 7.853669673204421997e-02 -2.707838825881481171e-02 1.490391939878463745e-01 1.000000000000000000e+00 1.364440023899078369e-01 -3.319683670997619629e-02 1.618870794773101807e-01 -3.990632295608520508e-02 -2.581597864627838135e-01 7.490180432796478271e-02 -1.100175548344850540e-02 -4.342038631439208984e-01 4.571133255958557129e-01 -2.907436192035675049e-01 2.284903265535831451e-02 3.139760717749595642e-02 5.572335422039031982e-02 1.513570547103881836e-02 1.703004585579037666e-03 1.122472360730171204e-01 3.201185762882232666e-01 3.982226550579071045e-02 1.367016043514013290e-02 -2.213568240404129028e-01 1.972333639860153198e-01 -1.679777726531028748e-02
-7.839044928550720215e-02 9.346274286508560181e-02 3.983436524868011475e-02 -1.352835595607757568e-01 -3.452067673206329346e-01 -1.893391013145446777e-01 -1.864578574895858765e-01 -8.445526659488677979e-02 -1.047141999006271362e-01 -1.485980898141860962e-01 -5.522723793983459473e-01 3.699209094047546387e-01 -3.366031646728515625e-01 6.701003760099411011e-02 -1.568654477596282959e-01 1.227101683616638184e-01 5.212831124663352966e-02 4.814195260405540466e-02 -1.961591392755508423e-01 -5.690867081284523010e-02 -8.716101199388504028e-02 9.011811017990112305e-02 1.177187934517860413e-01 -3.666735291481018066e-01 2.486680820584297180e-02 1.515515446662902832e-01 -1.324123330414295197e-02 1.364440023899078369e-01 1.000000000000000000e+00 2.349324822425842285e-01 1.024951115250587463e-01 4.262285679578781128e-02 1.538392156362533569e-01 -9.997057169675827026e-02 7.824189960956573486e-02 -9.490502625703811646e-02 4.744220525026321411e-03 -1.616986393928527832e-01 1.149436533451080322e-01 1.485216766595840454e-01 -1.639478206634521484e-01 6.380388885736465454e-02 1.000151187181472778e-01 2.279782481491565704e-02 -2.095296978950500488e-01 1.540973782539367676e-01 -9.695293754339218140e-02 -1.584745943546295166e-01 2.748970687389373779e-01 -2.307339608669281006e-01
1.156217157840728760e-01 1.089665964245796204e-01 -6.120757013559341431e-02 2.269015014171600342e-01 -3.910314738750457764e-01 -2.958665788173675537e-01 2.583484724164009094e-02 2.950785458087921143e-01 9.612315148115158081e-02 -1.817189604043960571e-01 -1.073657944798469543e-01 4.173294827342033386e-02 9.479261934757232666e-02 1.795004755258560181e-01 -4.902079701423645020e-02 3.423007428646087646e-01 2.675876952707767487e-02 -4.546604678034782410e-02 -5.166389942169189453e-01 -2.277294248342514038e-01 -2.245398312807083130e-01 -1.169182360172271729e-01 2.428716719150543213e-01 2.316277101635932922e-02 -1.802719384431838989e-01 7.082740217447280884e-02 -3.362409770488739014e-02 -3.319683670997619629e-02 2.349324822425842285e-01 1.000000000000000000e+00 1.287289857864379883e-01 2.247846126556396484e-01 2.736996114253997803e-01 -1.968393847346305847e-02 1.309346593916416168e-02 -5.310950800776481628e-02 3.599083423614501953e-02 8.944943547248840332e-02 4.169967025518417358e-02 -1.891823559999465942e-01 -2.602941691875457764e-01 -3.983600065112113953e-02 -1.262963414192199707e-01 -1.294200569391250610e-01 -2.650632858276367188e-01 -1.252635717391967773e-01 -4.469013772904872894e-03 -3.630206733942031860e-02 -7.115577906370162964e-02 1.942326426506042480e-01
-4.273548424243927002e-01 -2.506352663040161133e-01 2.890918217599391937e-02 -1.107545569539070129e-02 1.877441853284835815e-01 -3.292399644851684570e-01 -4.466696456074714661e-02 9.697662293910980225e-02 2.496122419834136963e-01 1.965548843145370483e-01 -2.277961969375610352e-01 -3.223904371261596680e-01 2.529278695583343506e-01 8.818330615758895874e-02 8.042681962251663208e-02 -2.418339252471923828e-01 -2.322300523519515991e-01 2.893610857427120209e-02 -1.578464061021804810e-01 1.646913886070251465e-01 -1.154316067695617676e-01 -8.054734021425247192e-02 2.189709693193435669e-01 6.593645364046096802e-02 1.864104866981506348e-01 1.355498284101486206e-01 -5.658476427197456360e-02 1.618870794773101807e-01 1.024951115250587463e-01 1.287289857864379883e-01 1.000000000000000000e+00 1.176700443029403687e-01 7.987039536237716675e-02 -9.809470176696777344e-02 -1.404666155576705933e-01 1.964104473590850830e-01 1.882634609937667847e-01 -7.609728723764419556e-02 1.901803761720657349e-01 -6.684272084385156631e-03 9.665957838296890259e-02 -9.721486270427703857e-02 4.807239398360252380e-02 -1.531844735145568848e-01 -1.260301619768142700e-01 -2.288805395364761353e-01 5.557001009583473206e-02 -1.684433408081531525e-02 5.123680457472801208e-02 1.506486982107162476e-01
