1.000000000000000000e+00 1.014863178133964539e-01 2.941321395337581635e-02 1.530358046293258667e-01 -1.317400783300399780e-01 -2.938114106655120850e-01 -2.636009156703948975e-01 1.755495667457580566e-01 2.010634988546371460e-01 -3.842517500743269920e-03 8.120197057723999023e-02 1.507953703403472900e-01 -2.549371719360351562e-01 -3.366335034370422363e-01 9.908267855644226074e-02 -3.079556524753570557e-01 -6.132737547159194946e-02 -1.868890970945358276e-01 -3.095877468585968018e-01 -2.094059735536575317e-01 -3.344160616397857666e-01 1.391136203892529011e-03 -5.419704914093017578e-01 2.236832529306411743e-01 -3.531112968921661377e-01 5.158198624849319458e-02 1.431899368762969971e-01 -7.882737368345260620e-02 1.253942102193832397e-01 1.980475038290023804e-01 -9.103751182556152344e-02 2.355532348155975342e-01 1.310301721096038818e-01 -7.892974466085433960e-02 -6.880311667919158936e-02 2.243852429091930389e-02 9.198839962482452393e-02 -2.157223969697952271e-01 1.439058333635330200e-01 1.181199699640274048e-01 1.204064935445785522e-01 -2.929061949253082275e-01 4.623372480273246765e-02 -4.769532978534698486e-01 -1.075602769851684570e-01 -4.189766943454742432e-01 -2.046223133802413940e-01 -1.313108652830123901e-01 -1.407323777675628662e-02 -1.468143612146377563e-01
1.014863178133964539e-01 1.000000000000000000e+00 7.232574373483657837e-02 -1.969128400087356567e-01 -1.882248669862747192e-01 -4.890219308435916901e-03 2.772448062896728516e-01 2.037049531936645508e-01 8.613826334476470947e-02 -2.070290744304656982e-01 -1.900398731231689453e-01 2.110816389322280884e-01 3.094171872362494469e-03 -3.479051291942596436e-01 -2.085984796285629272e-01 2.049603909254074097e-01 -1.151019185781478882e-01 2.749874591827392578e-01 5.335625633597373962e-02 3.852593526244163513e-02 -8.228740096092224121e-02 6.462935358285903931e-02 6.961083412170410156e-02 -2.288789115846157074e-02 1.730546951293945312e-01 -4.427880644798278809e-01 -1.427808701992034912e-01 1.701391674578189850e-02 -1.790211051702499390e-01 -2.988252639770507812e-01 -2.475522607564926147e-01 -1.622132360935211182e-01 -4.082920849323272705e-01 5.876810848712921143e-02 -1.350633054971694946e-01 5.848691239953041077e-02 1.689602285623550415e-01 8.135036379098892212e-02 7.226278632879257202e-02 -5.410260334610939026e-02 1.985239796340465546e-02 3.322710990905761719e-01 1.064106374979019165e-01 -7.047122716903686523e-02 -7.064881920814514160e-02 2.523102164268493652e-01 -1.748372986912727356e-02 -3.220584094524383545e-01 2.045952528715133667e-01 1.039208322763442993e-01
2.941321395337581635e-02 7.232574373483657837e-02 1.000000000000000000e+00 1.663032025098800659e-01 -7.045729458332061768e-02 2.452121824026107788e-01 2.073809504508972168e-01 -2.462066859006881714e-01 1.829286366701126099e-01 1.487400615587830544e-03 -8.724989742040634155e-02 -1.414018720388412476e-01 1.828835159540176392e-01 -3.132243752479553223e-01 -1.314917355775833130e-01 3.598040938377380371e-01 -1.717242598533630371e-01 -1.055660992860794067e-01 -3.424826636910438538e-02 -2.800177335739135742e-01 -1.450865119695663452e-01 2.893555462360382080e-01 -2.358227223157882690e-01 4.386056214570999146e-02 -2.660867758095264435e-02 -3.377696499228477478e-02 -1.428072601556777954e-01 -5.137668922543525696e-02 6.720310449600219727e-02 -5.511670187115669250e-02 -9.577696025371551514e-02 4.174743592739105225e-02 3.960284590721130371e-02 -7.491187006235122681e-02 1.106537133455276489e-01 7.230122387409210205e-02 3.659052848815917969e-01 -1.626404076814651489e-01 1.470378488302230835e-01 4.167766869068145752e-01 1.301973313093185425e-01 -1.212396770715713501e-01 1.300143897533416748e-01 -2.983699440956115723e-01 -1.327624768018722534e-01 9.443141520023345947e-02 7.792644202709197998e-02 -1.424955576658248901e-01 1.318101286888122559e-01 -7.094736397266387939e-02
1.530358046293258667e-01 -1.969128400087356567e-01 1.663032025098800659e-01 1.000000000000000000e+00 -3.218981251120567322e-02 1.547730434685945511e-02 -2.391548752784729004e-01 -9.078379720449447632e-02 -1.611236631870269775e-01 9.518708288669586182e-02 3.060915693640708923e-02 -8.986044675111770630e-02 4.385239630937576294e-02 -9.734906256198883057e-02 -9.666729718446731567e-02 -2.427349984645843506e-02 -1.160448342561721802e-01 -1.422392576932907104e-01 -2.373154610395431519e-01 -2.205659896135330200e-01 -3.304605782032012939e-01 1.028150394558906555e-01 -4.166045486927032471e-01 -7.743616402149200439e-02 1.298040449619293213e-01 -1.478935778141021729e-02 9.800062328577041626e-02 2.534794621169567108e-02 3.370112776756286621e-01 2.269921153783798218e-01 6.528828293085098267e-02 -3.487126529216766357e-02 2.186711579561233521e-01 7.824623957276344299e-03 2.767346799373626709e-01 -1.975189149379730225e-02 2.254536449909210205e-01 -3.471907079219818115e-01 -1.487056761980056763e-01 8.043125271797180176e-02 -6.107397377490997314e-02 -3.396613597869873047e-01 -2.606178224086761475e-01 -2.156292945146560669e-01 1.727858781814575195e-01 -1.509246677160263062e-01 6.685155630111694336e-02 -1.243081018328666687e-01 3.135962486267089844e-01 -2.884433567523956299e-01
-1.317400783300399780e-01 -1.882248669862747192e-01 -7.045729458332061768e-02 -3.218981251120567322e-02 1.000000000000000000e+00 5.443400517106056213e-02 -1.413202136754989624e-01 -9.380408376455307007e-02 -2.055934071540832520e-01 1.633352190256118774e-01 -1.183467060327529907e-01 -3.520139753818511963e-01 -2.022921890020370483e-01 1.403809785842895508e-01 -2.954689040780067444e-02 -4.763798415660858154e-02 -9.986332058906555176e-02 -2.962159812450408936e-01 -3.885226845741271973e-01 -2.841187417507171631e-01 9.088903665542602539e-02 2.675070986151695251e-02 4.282758571207523346e-03 -1.451227366924285889e-01 -3.897332549095153809e-01 9.991374611854553223e-02 -1.318597793579101562e-02 -2.845660317689180374e-03 2.283387035131454468e-01 -3.044997341930866241e-02 3.352747261524200439e-01 -2.657527476549148560e-02 8.030325174331665039e-02 -2.699545621871948242e-01 2.949050962924957275e-01 -1.983083337545394897e-01 2.675887942314147949e-01 -9.638733416795730591e-02 -4.153474867343902588e-01 -2.110565900802612305e-01 -3.200576640665531158e-03 -4.934902116656303406e-02 5.861286073923110962e-03 4.621829092502593994e-01 2.177393287420272827e-01 -8.168973959982395172e-03 3.684597462415695190e-02 1.023905053734779358e-01 -3.232163190841674805e-02 -3.381330668926239014e-01
-2.938114106655120850e-01 -4.890219308435916901e-03 2.452121824026107788e-01 1.547730434685945511e-02 5.443400517106056213e-02 1.000000000000000000e+00 2.097534947097301483e-02 -4.698961600661277771e-02 -1.047994643449783325e-01 -1.235927417874336243e-01 7.287347316741943359e-02 -2.690299153327941895e-01 -2.253567799925804138e-02 6.836118549108505249e-02 -9.870097786188125610e-02 1.358785033226013184e-01 -3.292805328965187073e-02 1.350900083780288696e-01 2.042132467031478882e-01 1.661203918047249317e-03 9.485495835542678833e-02 -7.842053472995758057e-02 2.834210097789764404e-01 3.472172319889068604e-01 1.635650247335433960e-01 -2.309748083353042603e-01 -2.763584256172180176e-01 -6.009851396083831787e-02 1.356324106454849243e-01 -1.280494332313537598e-01 4.672168493270874023e-01 -3.218884170055389404e-01 1.837096214294433594e-01 -2.795419692993164062e-01 1.121127381920814514e-01 1.563089154660701752e-02 -7.498202472925186157e-02 -7.353381253778934479e-03 -1.229315027594566345e-01 -2.397570386528968811e-02 -2.461207658052444458e-01 2.959229946136474609e-01 -1.699960678815841675e-01 3.702172040939331055e-01 -9.440493583679199219e-02 1.467133462429046631e-01 1.758587062358856201e-01 3.046971559524536133e-01 3.675761632621288300e-03 3.078701496124267578e-01
-2.636009156703948975e-01 2.772448062896728516e-01 2.073809504508972168e-01 -2.391548752784729004e-01 -1.413202136754989624e-01 2.097534947097301483e-02 1.000000000000000000e+00 -7.353471219539642334e-02 4.307926893234252930e-01 -2.445537745952606201e-01 -3.390311822295188904e-02 1.262441724538803101e-01 3.024928867816925049e-01 -7.302160840481519699e-03 -2.363033890724182129e-01 2.713185548782348633e-01 2.891057915985584259e-02 -7.905535167083144188e-04 6.253787130117416382e-02 3.206369280815124512e-01 2.394139319658279419e-01 1.703396141529083252e-01 1.497938781976699829e-01 1.735169440507888794e-01 1.911364942789077759e-01 3.257787227630615234e-02 3.231638297438621521e-02 2.617821395397186279e-01 -2.389506697654724121e-01 -2.853865027427673340e-01 -4.242384135723114014e-01 -5.320160835981369019e-02 -8.572462946176528931e-02 1.733653396368026733e-01 -4.827005267143249512e-01 -5.079592764377593994e-02 -4.255771171301603317e-03 -1.034855935722589493e-02 -9.636627137660980225e-02 2.412326782941818237e-01 -8.230768144130706787e-02 2.332223802804946899e-01 4.522622525691986084e-01 1.864346414804458618e-01 -1.333102583885192871e-01 2.886938154697418213e-01 -1.136197000741958618e-01 -2.032061666250228882e-01 4.466867446899414062e-01 2.267926186323165894e-01
1.755495667457580566e-01 2.037049531936645508e-01 -2.462066859006881714e-01 -9.078379720449447632e-02 -9.380408376455307007e-02 -4.698961600661277771e-02 -7.353471219539642334e-02 1.000000000000000000e+00 -1.442502588033676147e-01 -1.445316374301910400e-01 1.297947466373443604e-01 8.846393972635269165e-02 -3.055378794670104980e-01 -6.815068423748016357e-02 6.450643390417098999e-02 -1.391758322715759277e-01 -8.358079195022583008e-02 -4.235710203647613525e-02 -7.435296475887298584e-02 -1.387913245707750320e-02 1.792597174644470215e-01 2.722530066967010498e-02 -9.725072234869003296e-02 -1.805933862924575806e-01 -1.259669512510299683e-01 -1.699886098504066467e-02 -4.889355972409248352e-03 9.091074764728546143e-02 -2.621726691722869873e-01 6.131683290004730225e-02 -2.495871782302856445e-01 1.533149182796478271e-01 -2.552861273288726807e-01 1.696904301643371582e-01 -1.388653963804244995e-01 -1.848348975181579590e-02 -2.949157059192657471e-01 1.984672993421554565e-01 7.348541636019945145e-03 8.113081753253936768e-02 -2.342018932104110718e-01 -5.375925451517105103e-02 1.278640925884246826e-01 -2.449764311313629150e-01 -2.585661709308624268e-01 -2.555994316935539246e-02 -1.756718903779983521e-01 -1.016715839505195618e-01 8.437973260879516602e-02 1.366189122200012207e-01
2.010634988546371460e-01 8.613826334476470947e-02 1.829286366701126099e-01 -1.611236631870269775e-01 -2.055934071540832520e-01 -1.047994643449783325e-01 4.307926893234252930e-01 -1.442502588033676147e-01 1.000000000000000000e+00 -1.415719240903854370e-01 6.576354056596755981e-02 2.743342816829681396e-01 7.199260592460632324e-02 -4.867681488394737244e-02 2.771310806274414062e-01 3.687146306037902832e-01 1.552620679140090942e-01 4.530200362205505371e-02 7.371647655963897705e-02 2.703883945941925049e-01 1.010432168841362000e-01 2.517275810241699219e-01 -1.513918042182922363e-01 2.507819533348083496e-01 -1.654738187789916992e-01 -1.671791374683380127e-01 1.012674197554588318e-01 -1.413634270429611206e-01 1.602898240089416504e-01 -1.993616521358489990e-01 -4.954665303230285645e-01 -4.300804436206817627e-02 -6.871273275464773178e-03 4.841670393943786621e-02 -3.351923823356628418e-01 -2.154143713414669037e-02 -7.417060434818267822e-02 -1.423539128154516220e-02 2.200062721967697144e-01 2.077663391828536987e-01 -2.212030589580535889e-01 1.200569048523902893e-02 6.180167794227600098e-01 -2.384311407804489136e-01 1.813874691724777222e-01 1.513490378856658936e-01 -2.619712948799133301e-01 -3.591344058513641357e-01 4.269804656505584717e-01 2.267297953367233276e-01
-3.842517500743269920e-03 -2.070290744304656982e-01 1.487400615587830544e-03 9.518708288669586182e-02 1.633352190256118774e-01 -1.235927417874336243e-01 -2.445537745952606201e-01 -1.445316374301910400e-01 -1.415719240903854370e-01 1.000000000000000000e+00 -9.698888659477233887e-02 -1.730667650699615479e-01 2.613040246069431305e-02 1.319157183170318604e-01 -5.990589782595634460e-02 -2.667869925498962402e-01 4.629755020141601562e-02 -1.310060769319534302e-01 -3.683071434497833252e-01 3.057984411716461182e-01 -2.061015665531158447e-01 5.159817636013031006e-03 1.289332956075668335e-01 -3.036805093288421631e-01 -4.057481288909912109e-01 3.984886780381202698e-02 6.323450058698654175e-02 1.091037839651107788e-01 1.948935687541961670e-01 8.455596119165420532e-02 2.740549668669700623e-02 -7.777977734804153442e-02 -1.677906513214111328e-02 2.264291420578956604e-02 1.571846008300781250e-01 1.677131354808807373e-01 5.507301911711692810e-02 -2.035622745752334595e-01 -6.689603906124830246e-03 -1.269226893782615662e-02 -1.669452339410781860e-01 -2.866159677505493164e-01 -2.482932806015014648e-01 -1.081369258463382721e-02 -6.650332361459732056e-02 -1.442883461713790894e-01 1.713605225086212158e-01 4.209225997328758240e-02 -7.173967361450195312e-02 -1.498527545481920242e-02
8.120197057723999023e-02 -1.900398731231689453e-01 -8.724989742040634155e-02 3.060915693640708923e-02 -1.183467060327529907e-01 7.287347316741943359e-02 -3.390311822295188904e-02 1.297947466373443604e-01 6.576354056596755981e-02 -9.698888659477233887e-02 1.000000000000000000e+00 2.883173339068889618e-02 -1.641318202018737793e-02 1.212993115186691284e-01 1.810549199581146240e-01 -1.323544234037399292e-01 2.009043283760547638e-02 2.983599156141281128e-02 3.304757177829742432e-01 -4.119485244154930115e-02 -1.162473484873771667e-02 -1.894811838865280151e-01 -2.532406151294708252e-02 2.067028731107711792e-01 1.280169486999511719e-01 4.098089411854743958e-02 1.349658984690904617e-02 1.532431691884994507e-01 -6.001442670822143555e-02 -1.321680247783660889e-01 1.921937018632888794e-01 -9.271234273910522461e-03 -6.004991009831428528e-02 -3.317431211471557617e-01 -1.958683691918849945e-02 1.298929899930953979e-01 -1.540386080741882324e-01 4.862076416611671448e-02 1.556597799062728882e-01 1.994909346103668213e-01 -4.427967220544815063e-02 5.050078034400939941e-02 3.434539586305618286e-02 4.035107046365737915e-02 2.661239504814147949e-01 -2.170734554529190063e-01 -1.262201927602291107e-02 4.713736474514007568e-02 1.011437457054853439e-02 8.577372133731842041e-02
1.507953703403472900e-01 2.110816389322280884e-01 -1.414018720388412476e-01 -8.986044675111770630e-02 -3.520139753818511963e-01 -2.690299153327941895e-01 1.262441724538803101e-01 8.846393972635269165e-02 2.743342816829681396e-01 -1.730667650699615479e-01 2.883173339068889618e-02 1.000000000000000000e+00 -8.949179947376251221e-02 8.144886791706085205e-02 -1.555792391300201416e-01 1.101651117205619812e-01 6.217795610427856445e-01 -3.175570070743560791e-02 2.278571017086505890e-02 3.223393857479095459e-01 2.483326345682144165e-01 6.993562728166580200e-02 2.161484770476818085e-02 9.980190545320510864e-02 1.330152451992034912e-01 2.603293657302856445e-01 -2.576268017292022705e-01 -1.902685314416885376e-01 -2.587428390979766846e-01 -1.194848045706748962e-01 -5.633188486099243164e-01 -1.835596859455108643e-01 -1.232007294893264771e-01 1.840372085571289062e-01 -3.047483861446380615e-01 -7.488146424293518066e-02 -3.775307834148406982e-01 -1.374145895242691040e-01 3.112085759639739990e-01 3.161735236644744873e-01 -1.148537546396255493e-01 -1.719154417514801025e-01 2.423375546932220459e-01 -2.981004118919372559e-01 1.634979993104934692e-01 7.458375394344329834e-02 -1.708370745182037354e-01 6.134222075343132019e-02 3.680279254913330078e-01 2.841757237911224365e-01
-2.549371719360351562e-01 3.094171872362494469e-03 1.828835159540176392e-01 4.385239630937576294e-02 -2.022921890020370483e-01 -2.253567799925804138e-02 3.024928867816925049e-01 -3.055378794670104980e-01 7.199260592460632324e-02 2.613040246069431305e-02 -1.641318202018737793e-02 -8.949179947376251221e-02 1.000000000000000000e+00 2.330598235130310059e-02 -2.485129982233047485e-01 4.165064170956611633e-02 -1.821081787347793579e-01 1.872876286506652832e-01 9.469147026538848877e-02 9.455260634422302246e-02 4.310504347085952759e-02 1.561584770679473877e-01 2.242226898670196533e-01 -3.184939920902252197e-02 3.399725258350372314e-02 1.164025738835334778e-01 2.320826053619384766e-02 -7.690308243036270142e-02 -1.421088576316833496e-01 -5.146165192127227783e-02 -2.636973857879638672e-01 -1.637580245733261108e-01 -1.568839251995086670e-01 2.497370839118957520e-01 -1.826429814100265503e-01 -1.403240859508514404e-01 3.317927420139312744e-01 1.385752111673355103e-01 -1.276090145111083984e-01 -1.000922992825508118e-01 -1.940027922391891479e-01 -8.861251175403594971e-02 -2.597802504897117615e-02 -8.621253818273544312e-02 1.821291297674179077e-01 -3.578120470046997070e-02 -2.366079576313495636e-02 6.642925739288330078e-02 1.024801507592201233e-01 5.961398407816886902e-02
-3.366335034370422363e-01 -3.479051291942596436e-01 -3.132243752479553223e-01 -9.734906256198883057e-02 1.403809785842895508e-01 6.836118549108505249e-02 -7.302160840481519699e-03 -6.815068423748016357e-02 -4.867681488394737244e-02 1.319157183170318604e-01 1.212993115186691284e-01 8.144886791706085205e-02 2.330598235130310059e-02 1.000000000000000000e+00 2.848213538527488708e-02 -1.628833711147308350e-01 4.949423372745513916e-01 -1.434452235698699951e-01 4.698589071631431580e-02 4.778906106948852539e-01 1.023320108652114868e-01 -7.902464270591735840e-02 3.019014932215213776e-02 1.206247135996818542e-02 1.187909618020057678e-01 1.879966855049133301e-01 -5.628857761621475220e-02 -1.608471572399139404e-01 -1.324441730976104736e-01 -2.367516458034515381e-01 1.851931661367416382e-01 -2.556243836879730225e-01 4.852405190467834473e-02 -4.670361056923866272e-02 1.378498971462249756e-01 -1.140721738338470459e-01 -1.102755516767501831e-01 4.582328796386718750e-01 -2.585585117340087891e-01 1.314455568790435791e-01 -8.007503300905227661e-02 -3.013775683939456940e-02 4.132832586765289307e-02 4.172308146953582764e-01 7.164112292230129242e-03 8.422759175300598145e-02 1.221047267317771912e-01 8.603469282388687134e-02 1.089235581457614899e-02 1.427321135997772217e-01
9.908267855644226074e-02 -2.085984796285629272e-01 -1.314917355775833130e-01 -9.666729718446731567e-02 -2.954689040780067444e-02 -9.870097786188125610e-02 -2.363033890724182129e-01 6.450643390417098999e-02 2.771310806274414062e-01 -5.990589782595634460e-02 1.810549199581146240e-01 -1.555792391300201416e-01 -2.485129982233047485e-01 2.848213538527488708e-02 1.000000000000000000e+00 -1.842894405126571655e-01 1.186602413654327393e-01 2.040735632181167603e-01 2.138382643461227417e-01 -2.101377695798873901e-01 -6.505198031663894653e-02 -1.708762794733047485e-01 -1.254821568727493286e-01 -8.416054397821426392e-02 -6.210419163107872009e-02 -1.948595046997070312e-01 1.929240673780441284e-02 6.234124675393104553e-02 2.387349456548690796e-01 1.736971437931060791e-01 1.090134382247924805e-01 -4.585179267451167107e-04 6.008133292198181152e-03 2.904655337333679199e-01 7.362375408411026001e-02 1.093789860606193542e-01 -1.232192665338516235e-01 2.158232498914003372e-03 1.683033406734466553e-01 7.546720653772354126e-02 -7.573973387479782104e-02 -1.361676305532455444e-01 1.806710660457611084e-01 -2.392297796905040741e-02 -1.977496966719627380e-02 -9.818278253078460693e-03 9.680147469043731689e-02 -5.805920436978340149e-02 -1.777484118938446045e-01 -1.749690622091293335e-01
-3.079556524753570557e-01 2.049603909254074097e-01 3.598040938377380371e-01 -2.427349984645843506e-02 -4.763798415660858154e-02 1.358785033226013184e-01 2.713185548782348633e-01 -1.391758322715759277e-01 3.687146306037902832e-01 -2.667869925498962402e-01 -1.323544234037399292e-01 1.101651117205619812e-01 4.165064170956611633e-02 -1.628833711147308350e-01 -1.842894405126571655e-01 1.000000000000000000e+00 -2.053287811577320099e-02 2.382894307374954224e-01 -8.822420984506607056e-02 5.276106297969818115e-02 2.510544843971729279e-02 2.684201002120971680e-01 1.635451912879943848e-01 7.268790900707244873e-02 7.455340027809143066e-02 -3.761423528194427490e-01 1.304494217038154602e-03 -2.473940551280975342e-01 -1.733125746250152588e-01 -4.931046068668365479e-01 -2.505885958671569824e-01 -1.804605573415756226e-01 -1.321834325790405273e-01 -1.149157732725143433e-01 -3.975501656532287598e-02 -1.273216307163238525e-01 2.130659483373165131e-02 1.386386454105377197e-01 4.358221590518951416e-01 1.746691316366195679e-01 -2.190547585487365723e-01 4.625809192657470703e-01 1.442232429981231689e-01 -1.075652614235877991e-02 -5.722195282578468323e-02 3.127158284187316895e-01 -1.390708535909652710e-01 -2.340587228536605835e-01 2.662741243839263916e-01 6.701754778623580933e-02
-6.132737547159194946e-02 -1.151019185781478882e-01 -1.717242598533630371e-01 -1.160448342561721802e-01 -9.986332058906555176e-02 -3.292805328965187073e-02 2.891057915985584259e-02 -8.358079195022583008e-02 1.552620679140090942e-01 4.629755020141601562e-02 2.009043283760547638e-02 6.217795610427856445e-01 -1.821081787347793579e-01 4.949423372745513916e-01 1.186602413654327393e-01 -2.053287811577320099e-02 1.000000000000000000e+00 -5.387319251894950867e-02 -2.339541316032409668e-01 2.072023749351501465e-01 5.534724518656730652e-02 1.695642620325088501e-02 6.550300121307373047e-02 5.913177132606506348e-02 4.518594965338706970e-02 3.749459385871887207e-01 3.380963206291198730e-02 -5.198688060045242310e-02 -8.233268558979034424e-02 8.558407425880432129e-03 -1.139388978481292725e-01 -2.527449429035186768e-01 -1.007549166679382324e-01 7.443474233150482178e-02 -1.276111453771591187e-01 -8.151374012231826782e-02 -2.798252701759338379e-01 -7.982709258794784546e-02 2.716980874538421631e-01 4.076089262962341309e-01 -3.278691172599792480e-01 -8.491513878107070923e-02 3.974473103880882263e-02 1.888791471719741821e-02 1.120865866541862488e-01 1.155100464820861816e-01 9.470660984516143799e-02 5.494424700736999512e-02 6.090652197599411011e-02 4.538202881813049316e-01
-1.868890970945358276e-01 2.749874591827392578e-01 -1.055660992860794067e-01 -1.422392576932907104e-01 -2.962159812450408936e-01 1.350900083780288696e-01 -7.905535167083144188e-04 -4.235710203647613525e-02 4.530200362205505371e-02 -1.310060769319534302e-01 2.983599156141281128e-02 -3.175570070743560791e-02 1.872876286506652832e-01 -1.434452235698699951e-01 2.040735632181167603e-01 2.382894307374954224e-01 -5.387319251894950867e-02 1.000000000000000000e+00 2.317162305116653442e-01 5.146869644522666931e-02 2.913839370012283325e-02 1.215626001358032227e-01 3.415820598602294922e-01 -3.956862166523933411e-02 3.448750376701354980e-01 -3.520015478134155273e-01 -2.357566356658935547e-01 -1.416479498147964478e-01 -2.850481867790222168e-01 -5.857647955417633057e-02 -5.081482604146003723e-02 -3.746554851531982422e-01 -1.757760643959045410e-01 -1.212534382939338684e-01 -2.241619527339935303e-01 -2.821541428565979004e-01 -7.098935544490814209e-02 5.344045162200927734e-02 1.016213297843933105e-01 3.125406801700592041e-02 -2.000039368867874146e-01 4.915023148059844971e-01 1.177779436111450195e-01 1.494558900594711304e-01 -9.183324873447418213e-02 1.771634221076965332e-01 2.148603349924087524e-01 -1.099552363157272339e-01 -4.601599276065826416e-02 1.604987233877182007e-01
-3.095877468585968018e-01 5.335625633597373962e-02 -3.424826636910438538e-02 -2.373154610395431519e-01 -3.885226845741271973e-01 2.042132467031478882e-01 6.253787130117416382e-02 -7.435296475887298584e-02 7.371647655963897705e-02 -3.683071434497833252e-01 3.304757177829742432e-01 2.278571017086505890e-02 9.469147026538848877e-02 4.698589071631431580e-02 2.138382643461227417e-01 -8.822420984506607056e-02 -2.339541316032409668e-01 2.317162305116653442e-01 1.000000000000000000e+00 1.154859960079193115e-01 1.573027521371841431e-01 -1.502189785242080688e-01 1.716368347406387329e-01 1.957703381776809692e-01 5.455642342567443848e-01 -2.135527878999710083e-01 -3.809400796890258789e-01 1.148026213049888611e-01 -5.046504735946655273e-02 -3.430538112297654152e-03 1.375649124383926392e-01 -6.308621168136596680e-02 8.285865187644958496e-02 9.114191867411136627e-03 9.770097211003303528e-03 1.793310046195983887e-01 -2.027120292186737061e-01 2.857720553874969482e-01 -5.323849245905876160e-02 -1.565020233392715454e-01 3.854459226131439209e-01 9.606520086526870728e-02 1.720413863658905029e-01 4.620026797056198120e-02 1.000155508518218994e-01 1.348813474178314209e-01 -4.950185492634773254e-02 1.897675544023513794e-01 -9.176071733236312866e-02 6.234022602438926697e-02
-2.094059735536575317e-01 3.852593526244163513e-02 -2.800177335739135742e-01 -2.205659896135330200e-01 -2.841187417507171631e-01 1.661203918047249317e-03 3.206369280815124512e-01 -1.387913245707750320e-02 2.703883945941925049e-01 3.057984411716461182e-01 -4.119485244154930115e-02 3.223393857479095459e-01 9.455260634422302246e-02 4.778906106948852539e-01 -2.101377695798873901e-01 5.276106297969818115e-02 2.072023749351501465e-01 5.146869644522666931e-02 1.154859960079193115e-01 1.000000000000000000e+00 2.383823543787002563e-01 -6.609635800123214722e-02 2.640074491500854492e-01 1.443761140108108521e-01 1.103387176990509033e-01 -6.281436234712600708e-02 -1.003248095512390137e-01 -2.555705606937408447e-01 -2.989279925823211670e-01 -3.180827498435974121e-01 -3.204611837863922119e-01 -3.712152540683746338e-01 -7.436532527208328247e-02 1.668121367692947388e-01 -1.131844595074653625e-01 3.404431045055389404e-02 -4.135700166225433350e-01 1.114366203546524048e-01 -8.263137936592102051e-02 4.260394256561994553e-03 -1.556918621063232422e-01 1.437405645847320557e-01 2.117937505245208740e-01 2.273526489734649658e-01 -1.429465562105178833e-01 3.314417004585266113e-01 -6.478924304246902466e-02 -3.015943802893161774e-02 3.181296586990356445e-01 2.859207689762115479e-01
-3.344160616397857666e-01 -8.228740096092224121e-02 -1.450865119695663452e-01 -3.304605782032012939e-01 9.088903665542602539e-02 9.485495835542678833e-02 2.394139319658279419e-01 1.792597174644470215e-01 1.010432168841362000e-01 -2.061015665531158447e-01 -1.162473484873771667e-02 2.483326345682144165e-01 4.310504347085952759e-02 1.023320108652114868e-01 -6.505198031663894653e-02 2.510544843971729279e-02 5.534724518656730652e-02 2.913839370012283325e-02 1.573027521371841431e-01 2.383823543787002563e-01 1.000000000000000000e+00 -2.037553638219833374e-01 1.720695048570632935e-01 -2.602046728134155273e-02 1.076787486672401428e-01 1.532258391380310059e-01 -3.443696498870849609e-01 -3.414388298988342285e-01 -1.573224216699600220e-01 -2.500372529029846191e-01 -2.844656109809875488e-01 2.636190056800842285e-01 -1.767770498991012573e-01 9.700153023004531860e-03 -2.138416618108749390e-01 -2.881176769733428955e-01 -3.654060661792755127e-01 -2.364656701683998108e-02 -2.685243785381317139e-01 -3.474066406488418579e-02 -2.277094125747680664e-01 2.045544981956481934e-01 3.175201416015625000e-01 1.885949671268463135e-01 2.403568923473358154e-01 2.828176319599151611e-01 1.343958079814910889e-01 1.032082140445709229e-01 1.513739675283432007e-01 3.350492417812347412e-01
1.391136203892529011e-03 6.462935358285903931e-02 2.893555462360382080e-01 1.028150394558906555e-01 2.675070986151695251e-02 -7.842053472995758057e-02 1.703396141529083252e-01 2.722530066967010498e-02 2.517275810241699219e-01 5.159817636013031006e-03 -1.894811838865280151e-01 6.993562728166580200e-02 1.561584770679473877e-01 -7.902464270591735840e-02 -1.708762794733047485e-01 2.684201002120971680e-01 1.695642620325088501e-02 1.215626001358032227e-01 -1.502189785242080688e-01 -6.609635800123214722e-02 -2.037553638219833374e-01 1.000000000000000000e+00 -1.586126834154129028e-01 4.304751753807067871e-02 -3.539975881576538086e-01 -3.306408226490020752e-02 4.518803954124450684e-02 1.506094355136156082e-03 -1.811492145061492920e-01 2.061540782451629639e-01 -3.204597830772399902e-01 -2.028751522302627563e-01 -1.053488776087760925e-01 -1.653723269701004028e-01 -1.522109210491180420e-01 4.691252484917640686e-02 5.223348736763000488e-02 4.250077903270721436e-02 5.333772674202919006e-02 1.788679063320159912e-01 -8.877777308225631714e-02 -8.710256218910217285e-02 1.547127068042755127e-01 -7.725935429334640503e-02 5.516547337174415588e-02 -6.367170810699462891e-02 1.286659985780715942e-01 -1.616676747798919678e-01 3.889211416244506836e-01 -1.002609655261039734e-01
-5.419704914093017578e-01 6.961083412170410156e-02 -2.358227223157882690e-01 -4.166045486927032471e-01 4.282758571207523346e-03 2.834210097789764404e-01 1.497938781976699829e-01 -9.725072234869003296e-02 -1.513918042182922363e-01 1.289332956075668335e-01 -2.532406151294708252e-02 2.161484770476818085e-02 2.242226898670196533e-01 3.019014932215213776e-02 -1.254821568727493286e-01 1.635451912879943848e-01 6.550300121307373047e-02 3.415820598602294922e-01 1.716368347406387329e-01 2.640074491500854492e-01 1.720695048570632935e-01 -1.586126834154129028e-01 1.000000000000000000e+00 3.452257812023162842e-02 1.164795681834220886e-01 -2.713018469512462616e-02 -1.198100894689559937e-01 2.213557437062263489e-02 3.321574255824089050e-02 -2.011066377162933350e-01 2.094740420579910278e-02 -3.682242631912231445e-01 -2.161481827497482300e-01 -5.673240404576063156e-03 -1.715397089719772339e-01 -6.251873821020126343e-02 -1.745804101228713989e-01 2.284206300973892212e-01 8.733379840850830078e-02 -1.566365808248519897e-01 -2.282989174127578735e-01 2.852638959884643555e-01 6.261842697858810425e-02 3.541392087936401367e-01 -2.186666876077651978e-01 3.069550096988677979e-01 1.513991206884384155e-01 4.417380094528198242e-01 -1.000498514622449875e-02 2.881744801998138428e-01
2.236832529306411743e-01 -2.288789115846157074e-02 4.386056214570999146e-02 -7.743616402149200439e-02 -1.451227366924285889e-01 3.472172319889068604e-01 1.735169440507888794e-01 -1.805933862924575806e-01 2.507819533348083496e-01 -3.036805093288421631e-01 2.067028731107711792e-01 9.980190545320510864e-02 -3.184939920902252197e-02 1.206247135996818542e-02 -8.416054397821426392e-02 7.268790900707244873e-02 5.913177132606506348e-02 -3.956862166523933411e-02 1.957703381776809692e-01 1.443761140108108521e-01 -2.602046728134155273e-02 4.304751753807067871e-02 3.452257812023162842e-02 1.000000000000000000e+00 1.949326395988464355e-01 -5.478680506348609924e-02 -2.864065766334533691e-01 -1.323616802692413330e-01 -1.969143003225326538e-02 3.573278710246086121e-02 2.835187017917633057e-01 -9.733021259307861328e-02 -3.704461827874183655e-02 -2.897087931632995605e-01 1.984598347917199135e-03 -3.280220180749893188e-02 -2.004839479923248291e-01 3.044050745666027069e-02 1.993823051452636719e-01 1.494417637586593628e-01 -1.164179816842079163e-01 1.921309381723403931e-01 3.729713149368762970e-03 1.942982077598571777e-01 -1.496454924345016479e-01 1.474132835865020752e-01 -1.932581812143325806e-01 1.516816318035125732e-01 1.943538039922714233e-01 3.291947245597839355e-01
-3.531112968921661377e-01 1.730546951293945312e-01 -2.660867758095264435e-02 1.298040449619293213e-01 -3.897332549095153809e-01 1.635650247335433960e-01 1.911364942789077759e-01 -1.259669512510299683e-01 -1.654738187789916992e-01 -4.057481288909912109e-01 1.280169486999511719e-01 1.330152451992034912e-01 3.399725258350372314e-02 1.187909618020057678e-01 -6.210419163107872009e-02 7.455340027809143066e-02 4.518594965338706970e-02 3.448750376701354980e-01 5.455642342567443848e-01 1.103387176990509033e-01 1.076787486672401428e-01 -3.539975881576538086e-01 1.164795681834220886e-01 1.949326395988464355e-01 1.000000000000000000e+00 -1.089787296950817108e-02 -3.788726627826690674e-01 6.973470747470855713e-02 -1.420276314020156860e-01 -3.316291049122810364e-02 1.951810568571090698e-01 -1.033075302839279175e-01 -3.718075528740882874e-02 2.216374315321445465e-02 -4.078911989927291870e-02 -2.111298590898513794e-01 -1.143702715635299683e-01 6.141007691621780396e-02 -1.881969347596168518e-02 9.536793082952499390e-02 2.264927923679351807e-01 2.609405219554901123e-01 6.384774297475814819e-02 1.226331815123558044e-01 -5.575443804264068604e-02 3.430143296718597412e-01 -8.614150434732437134e-02 -1.100692152976989746e-01 -1.098079234361648560e-02 2.622786462306976318e-01
5.158198624849319458e-02 -4.427880644798278809e-01 -3.377696499228477478e-02 -1.478935778141021729e-02 9.991374611854553223e-02 -2.309748083353042603e-01 3.257787227630615234e-02 -1.699886098504066467e-02 -1.671791374683380127e-01 3.984886780381202698e-02 4.098089411854743958e-02 2.603293657302856445e-01 1.164025738835334778e-01 1.879966855049133301e-01 -1.948595046997070312e-01 -3.761423528194427490e-01 3.749459385871887207e-01 -3.520015478134155273e-01 -2.135527878999710083e-01 -6.281436234712600708e-02 1.532258391380310059e-01 -3.306408226490020752e-02 -2.713018469512462616e-02 -5.478680506348609924e-02 -1.089787296950817108e-02 1.000000000000000000e+00 1.183059513568878174e-01 -4.162958636879920959e-02 -1.830878318287432194e-03 4.706218838691711426e-01 -6.782622635364532471e-02 1.693958342075347900e-01 1.203927546739578247e-01 5.222243443131446838e-02 -3.409876823425292969e-01 -4.514569789171218872e-02 -6.211760267615318298e-02 -2.306401431560516357e-01 -4.108961671590805054e-02 1.841287314891815186e-01 1.312989294528961182e-01 -5.240076184272766113e-01 7.934273779392242432e-02 -7.437016814947128296e-02 1.704794317483901978e-01 -1.536729037761688232e-01 -1.738956272602081299e-01 -5.319488234817981720e-03 -4.441999644041061401e-02 1.069403886795043945e-01
1.431899368762969971e-01 -1.427808701992034912e-01 -1.428072601556777954e-01 9.800062328577041626e-02 -1.318597793579101562e-02 -2.763584256172180176e-01 3.231638297438621521e-02 -4.889355972409248352e-03 1.012674197554588318e-01 6.323450058698654175e-02 1.349658984690904617e-02 -2.576268017292022705e-01 2.320826053619384766e-02 -5.628857761621475220e-02 1.929240673780441284e-02 1.304494217038154602e-03 3.380963206291198730e-02 -2.357566356658935547e-01 -3.809400796890258789e-01 -1.003248095512390137e-01 -3.443696498870849609e-01 4.518803954124450684e-02 -1.198100894689559937e-01 -2.864065766334533691e-01 -3.788726627826690674e-01 1.183059513568878174e-01 1.000000000000000000e+00 1.468535065650939941e-01 1.513828635215759277e-01 1.014197096228599548e-01 -6.644643843173980713e-02 1.556729525327682495e-01 -1.337848603725433350e-02 5.878937244415283203e-02 -5.998359993100166321e-03 1.920361369848251343e-01 8.703492581844329834e-02 -3.036828711628913879e-02 4.207033663988113403e-02 -2.653905451297760010e-01 3.248131647706031799e-02 6.462904065847396851e-02 -8.072289079427719116e-02 -1.422854512929916382e-01 1.396009773015975952e-01 -1.501723080873489380e-01 5.271945148706436157e-02 -2.322382032871246338e-01 -2.159315943717956543e-01 -9.527275711297988892e-02
-7.882737368345260620e-02 1.701391674578189850e-02 -5.137668922543525696e-02 2.534794621169567108e-02 -2.845660317689180374e-03 -6.009851396083831787e-02 2.617821395397186279e-01 9.091074764728546143e-02 -1.413634270429611206e-01 1.091037839651107788e-01 1.532431691884994507e-01 -1.902685314416885376e-01 -7.690308243036270142e-02 -1.608471572399139404e-01 6.234124675393104553e-02 -2.473940551280975342e-01 -5.198688060045242310e-02 -1.416479498147964478e-01 1.148026213049888611e-01 -2.555705606937408447e-01 -3.414388298988342285e-01 1.506094355136156082e-03 2.213557437062263489e-02 -1.323616802692413330e-01 6.973470747470855713e-02 -4.162958636879920959e-02 1.468535065650939941e-01 1.000000000000000000e+00 5.481086671352386475e-02 2.242206037044525146e-01 1.257096976041793823e-01 1.149317100644111633e-01 1.629260927438735962e-01 1.656698882579803467e-01 -8.787906914949417114e-02 1.067919060587882996e-01 6.316711008548736572e-02 -1.091835424304008484e-01 -3.266374813392758369e-03 -3.606046084314584732e-04 8.580327779054641724e-02 -9.345924854278564453e-02 -1.307385265827178955e-01 -1.142807677388191223e-01 -1.245405226945877075e-01 -2.633339166641235352e-01 -1.835811883211135864e-01 1.707647293806076050e-01 -1.920462399721145630e-01 4.148587211966514587e-02
1.253942102193832397e-01 -1.790211051702499390e-01 6.720310449600219727e-02 3.370112776756286621e-01 2.283387035131454468e-01 1.356324106454849243e-01 -2.389506697654724121e-01 -2.621726691722869873e-01 1.602898240089416504e-01 1.948935687541961670e-01 -6.001442670822143555e-02 -2.587428390979766846e-01 -1.421088576316833496e-01 -1.324441730976104736e-01 2.387349456548690796e-01 -1.733125746250152588e-01 -8.233268558979034424e-02 -2.850481867790222168e-01 -5.046504735946655273e-02 -2.989279925823211670e-01 -1.573224216699600220e-01 -1.811492145061492920e-01 3.321574255824089050e-02 -1.969143003225326538e-02 -1.420276314020156860e-01 -1.830878318287432194e-03 1.513828635215759277e-01 5.481086671352386475e-02 1.000000000000000000e+00 1.822753995656967163e-01 2.295440733432769775e-01 2.436743676662445068e-01 2.657839059829711914e-01 -1.862937211990356445e-01 1.129985824227333069e-01 1.917390376329421997e-01 3.443057835102081299e-01 -6.594690680503845215e-02 -1.393843889236450195e-01 -9.167649596929550171e-02 8.520552888512611389e-03 -3.683922588825225830e-01 5.856347456574440002e-02 -8.579445630311965942e-02 1.746440827846527100e-01 -1.562377717345952988e-02 9.612004458904266357e-02 -8.906823582947254181e-03 1.236440613865852356e-01 -7.269559800624847412e-02
1.980475038290023804e-01 -2.988252639770507812e-01 -5.511670187115669250e-02 2.269921153783798218e-01 -3.044997341930866241e-02 -1.280494332313537598e-01 -2.853865027427673340e-01 6.131683290004730225e-02 -1.993616521358489990e-01 8.455596119165420532e-02 -1.321680247783660889e-01 -1.194848045706748962e-01 -5.146165192127227783e-02 -2.367516458034515381e-01 1.736971437931060791e-01 -4.931046068668365479e-01 8.558407425880432129e-03 -5.857647955417633057e-02 -3.430538112297654152e-03 -3.180827498435974121e-01 -2.500372529029846191e-01 2.061540782451629639e-01 -2.011066377162933350e-01 3.573278710246086121e-02 -3.316291049122810364e-02 4.706218838691711426e-01 1.014197096228599548e-01 2.242206037044525146e-01 1.822753995656967163e-01 1.000000000000000000e+00 1.271222829818725586e-01 1.299637705087661743e-01 2.298041880130767822e-01 8.549458533525466919e-02 1.943887770175933838e-02 2.103105336427688599e-01 4.603945836424827576e-02 -4.083788692951202393e-01 -7.023110985755920410e-02 -3.671414218842983246e-03 8.379610627889633179e-02 -5.254104137420654297e-01 -1.909667551517486572e-01 -2.405035048723220825e-01 1.003832519054412842e-01 -4.962839186191558838e-02 -1.969305425882339478e-01 -5.586496368050575256e-02 -1.156593635678291321e-01 -3.321805223822593689e-02
-9.103751182556152344e-02 -2.475522607564926147e-01 -9.577696025371551514e-02 6.528828293085098267e-02 3.352747261524200439e-01 4.672168493270874023e-01 -4.242384135723114014e-01 -2.495871782302856445e-01 -4.954665303230285645e-01 2.740549668669700623e-02 1.921937018632888794e-01 -5.633188486099243164e-01 -2.636973857879638672e-01 1.851931661367416382e-01 1.090134382247924805e-01 -2.505885958671569824e-01 -1.139388978481292725e-01 -5.081482604146003723e-02 1.375649124383926392e-01 -3.204611837863922119e-01 -2.844656109809875488e-01 -3.204597830772399902e-01 2.094740420579910278e-02 2.835187017917633057e-01 1.951810568571090698e-01 -6.782622635364532471e-02 -6.644643843173980713e-02 1.257096976041793823e-01 2.295440733432769775e-01 1.271222829818725586e-01 1.000000000000000000e+00 2.699232427403330803e-03 1.612850725650787354e-01 -3.993442058563232422e-01 3.696243464946746826e-01 6.160889193415641785e-02 6.208085268735885620e-02 7.572550326585769653e-02 -5.869806557893753052e-02 -2.697587311267852783e-01 2.367859035730361938e-01 1.934431493282318115e-01 -5.046870708465576172e-01 4.911541640758514404e-01 -1.844263821840286255e-02 -1.935470253229141235e-01 1.590433269739151001e-01 2.060027122497558594e-01 -5.326625108718872070e-01 -7.918029278516769409e-02
